      44.99                  95.56                 112.69
     146.87                 187.80                 214.44
     236.57                 283.08                 322.45
     368.72                 379.99                 437.34
     479.66                 500.45                 561.12
     592.02                 677.04                 740.24
     763.96                 831.07                 905.04
     972.15                1006.04                1013.48
    1022.78                1052.53                1079.01
    1132.36                1137.21                1175.42
    1199.49                1223.34                1229.08
    1238.08                1294.77                1321.80
    1341.57                1362.00                1384.78
    1413.62                1435.04                1444.98
    1492.28                1707.41                1758.29
    3009.94                3035.65                3073.79
    3091.36                3186.05                3191.67
    3210.38                3822.90                3828.95
