     6.7785                 5.3239                 3.9002
     3.9271                 4.8911                 4.0830
     1.1545                 6.9182                 4.3801
     1.5908                 1.8947                 4.2449
     5.3658                 3.9650                 2.9097
     5.2508                 4.3749                 3.9886
     1.6712                 1.4788                 3.2444
     3.8653                 2.0283                 1.6204
     1.6257                 3.5390                 2.5695
     1.9344                 3.3204                 1.1319
     1.9686                 1.6952                 1.3520
     2.0719                 1.3591                 1.6380
     1.3639                 1.5985                 1.1998
     1.5468                 1.7800                 1.6782
     1.1442                 8.5986                 7.3483
     1.0812                 1.0660                 1.0835
     1.0978                 1.0877                 1.0912
     1.0980                 1.0665                 1.0666
