      43.83                  73.59                 117.19
     146.24                 226.85                 242.23
     272.73                 338.33                 395.70
     420.11                 453.38                 470.14
     560.83                 605.23                 647.64
     790.59                 793.26                 883.84
     953.79                1011.94                1047.72
    1135.76                1201.50                1211.50
    1234.52                1247.96                1279.20
    1304.99                1354.51                1396.77
    1420.20                1436.67                1457.33
    1467.56                1505.59                1689.09
    1741.85                3041.44                3074.47
    3146.44                3182.63                3200.32
    3721.97                3735.21                3760.79
