     7.7510                 4.4731                 2.8900
     6.9165                 1.5657                 6.4555
     1.9362                 7.4470                 2.0316
     2.2244                 1.6366                 1.4099
     2.4608                 2.4118                 4.3278
     1.8450                 2.5894                 4.1880
     4.0505                 2.4420                 1.2963
     3.4328                 1.9474                 1.1547
     1.3041                 1.1404                 1.0816
     3.3593                 2.0013                 1.9438
     1.3489                 1.3088                 1.3480
     1.3555                 1.8369                 9.9129
     7.5122                 1.0598                 1.1029
     1.0895                 1.0867                 1.0958
     1.0656                 1.0657                 1.0658
