      43.88                  59.01                  74.65
      89.07                 181.66                 192.09
     220.13                 237.03                 271.18
     292.68                 337.53                 368.17
     396.95                 451.59                 479.51
     503.69                 521.51                 599.71
     702.30                 729.62                 850.22
     960.39                 990.12                1054.11
    1140.06                1183.52                1200.63
    1205.14                1216.28                1224.33
    1243.86                1258.00                1279.14
    1358.49                1379.93                1397.38
    1418.07                1428.97                1444.50
    1458.81                1470.04                1596.10
    3047.93                3063.80                3100.09
    3118.28                3239.33                3796.12
    3826.78                3832.73                3834.94
