     5.8696                 5.7034                 5.1653
     2.3872                 8.0607                 3.0473
     1.2164                 3.3726                 1.4188
     1.0724                 2.5158                 1.2297
     2.7602                 4.9941                 4.0223
     2.8199                 7.4197                 7.5325
     2.0092                 4.0735                 4.6624
     1.8759                 2.5861                 2.4876
     4.4239                 1.4143                 1.7129
     1.3101                 1.4462                 1.6756
     1.9331                 1.3194                 3.6112
     1.3852                 1.3130                 1.3121
     1.3146                 1.4752                 1.2378
     1.7461                 2.7331                 8.4514
     1.0835                 1.0611                 1.0883
     1.1034                 1.0889                 1.0658
     1.0668                 1.0669                 1.0671
