     116.62                 194.61                 206.30
     259.21                 291.46                 328.34
     372.74                 424.91                 536.46
     552.92                 602.12                 645.54
     730.47                 788.01                 836.45
     859.99                 879.85                 945.91
     964.15                1008.95                1017.88
    1035.61                1039.30                1063.79
    1081.28                1109.64                1167.70
    1205.26                1217.44                1258.86
    1272.71                1299.17                1314.54
    1338.82                1360.01                1402.67
    1456.37                1727.00                2895.45
    3107.09                3139.14                3151.36
    3191.03                3210.66                3824.66
