     6.7571                 6.2142                 8.8112
     1.0913                 5.0225                 5.4631
     5.8497                 3.8823                 4.4812
     6.0361                 5.8469                 5.7193
     2.6329                 3.1034                 3.5139
     6.9889                 2.5441                 2.5780
     3.8963                 3.3879                 1.3393
     1.7944                 2.2335                 2.3656
     1.6472                 1.7981                 1.3551
     1.3825                 1.3860                 1.7110
     2.0407                 1.2848                 1.8484
     1.5139                 1.6009                 1.6921
     1.9396                 7.0844                 1.0742
     1.0872                 1.0881                 1.0893
     1.0868                 1.1003                 1.0669
