    -544.76                 168.42                 211.45
     243.92                 258.69                 325.11
     344.59                 450.94                 495.92
     533.57                 618.36                 691.82
     740.16                 823.14                 875.32
     899.25                 956.45                 959.90
     986.51                 994.12                1009.09
    1032.33                1092.57                1111.27
    1156.84                1171.79                1215.57
    1293.55                1345.23                1359.44
    1403.40                1406.80                1448.19
    1503.41                1648.33                3096.16
    3139.06                3199.14                3207.88
    3218.90                3225.33                3831.89
