     9.4286                 5.5635                 4.3578
     5.4929                 1.0771                 6.1413
     4.2745                 3.0517                 4.2077
     6.1179                 5.6685                 2.3262
     1.9064                 1.7752                 3.3817
     3.6853                 2.7949                 4.0867
     1.7942                 2.2055                 2.9352
     1.4819                 1.7961                 3.2485
     1.1189                 1.1378                 1.1020
     1.4302                 1.5308                 1.2710
     1.6779                 1.5336                 1.8776
     4.2776                 5.2036                 1.0861
     1.0873                 1.0870                 1.0888
     1.0973                 1.0976                 1.0668
