      43.43                  53.91                  74.60
     111.93                 138.44                 170.29
     201.63                 216.14                 258.62
     264.28                 293.06                 310.49
     317.80                 346.42                 382.80
     450.50                 485.37                 546.58
     581.31                 659.20                 731.56
     796.92                 832.39                 933.02
     982.55                 999.33                1033.56
    1144.91                1189.87                1207.90
    1219.83                1225.43                1258.63
    1271.17                1277.69                1315.61
    1325.17                1379.03                1409.33
    1420.04                1421.38                1446.31
    1471.90                1494.40                1582.34
    3067.17                3068.84                3094.24
    3114.61                3210.57                3697.62
    3748.43                3822.38                3823.14
