     7.7780                 5.7357                 6.9108
     6.1023                 2.5942                 4.7538
     5.2188                 1.3135                 2.4404
     3.7690                 1.0793                 1.2313
     1.2230                 5.9037                 8.0641
     6.8242                 2.0357                 4.3514
     7.0499                 2.6565                 3.3374
     3.1684                 4.0576                 2.7876
     3.5807                 2.1162                 4.3220
     3.0576                 1.1884                 3.3795
     1.3234                 1.4720                 2.1742
     2.9196                 1.1062                 1.4574
     1.7151                 1.4891                 1.8453
     1.2770                 1.1929                 1.4316
     1.6866                 1.6317                 8.5459
     1.0818                 1.0621                 1.0879
     1.1027                 1.0882                 1.0652
     1.0685                 1.0669                 1.0670
