      42.05                  64.02                  74.46
     102.74                 120.23                 150.71
     204.56                 223.26                 249.92
     279.52                 281.70                 290.19
     299.33                 317.07                 335.32
     354.29                 370.05                 393.61
     413.09                 463.52                 493.05
     514.03                 545.07                 568.12
     600.11                 705.74                 751.29
     818.10                 861.29                 895.31
    1007.89                1013.60                1042.44
    1061.34                1103.18                1136.55
    1165.23                1176.65                1193.05
    1218.14                1223.08                1270.74
    1272.29                1290.29                1303.67
    1320.89                1340.41                1354.82
    1409.15                1431.14                1436.15
    1443.50                1452.38                1457.55
    1494.48                2903.25                3098.38
    3110.38                3131.36                3154.43
    3689.63                3764.80                3767.36
    3780.58                3819.69                3824.81
