     6.1092                 7.3796                 6.8806
     5.2103                 6.8612                 4.9745
     5.2789                 6.1597                 3.4500
     1.4525                 3.0847                 1.6708
     1.7193                 2.2651                 2.2594
     2.1032                 1.7843                 1.7503
     1.4707                 1.1020                 5.2890
     4.3257                 5.7054                 4.6099
     5.4762                 4.7160                 3.3747
     3.7005                 5.1530                 2.1420
     2.3996                 4.8424                 4.0805
     2.7707                 2.4607                 1.7510
     1.2935                 1.7238                 1.9024
     1.1608                 1.3203                 1.7236
     2.6725                 2.2418                 1.9207
     2.2404                 1.9910                 2.3826
     1.4221                 1.3323                 1.2997
     1.1149                 1.5442                 1.1295
     2.0119                 1.0729                 1.0636
     1.0880                 1.0882                 1.1014
     1.0668                 1.0684                 1.0655
     1.0657                 1.0666                 1.0667
