    -635.35                  22.19                  43.16
      59.52                  64.89                  95.09
     111.46                 123.75                 176.79
     198.06                 222.13                 243.18
     261.41                 273.64                 296.02
     317.95                 329.17                 374.47
     394.27                 455.33                 465.91
     500.30                 538.46                 607.17
     668.76                 729.97                 801.35
     841.08                 909.58                1008.84
    1019.79                1045.23                1098.17
    1122.39                1185.41                1207.76
    1216.75                1233.29                1237.47
    1279.34                1301.81                1332.12
    1346.26                1365.30                1389.29
    1422.42                1429.46                1436.59
    1481.72                1559.60                1650.55
    3054.95                3081.06                3092.87
    3144.23                3236.99                3696.28
    3787.28                3792.55                3823.60
