    10.8671                 7.2415                 6.1030
     8.4837                 6.3468                 9.3499
    10.5892                 5.8894                 4.3336
     5.7422                 6.2258                 7.2127
     2.2888                 1.4306                 3.6712
     1.6254                 2.5105                 1.4319
     5.5076                 3.1275                 3.1777
     1.7669                 2.1676                 6.9690
     3.6545                 4.1769                 1.5819
     1.8360                 3.1094                 4.0932
     3.3505                 3.4035                 3.0184
     5.6885                 2.3266                 2.2141
     1.5762                 1.2057                 1.2434
     1.6114                 2.0385                 1.7652
     1.7623                 1.3644                 1.5441
     1.1384                 1.1055                 1.3096
     1.7208                 3.5027                10.7456
     1.0684                 1.0851                 1.0869
     1.0946                 1.0937                 1.0687
     1.0661                 1.0663                 1.0669
