    -434.73                  52.34                  81.03
     102.44                 150.02                 182.59
     188.62                 208.96                 233.68
     296.34                 326.94                 387.28
     430.04                 467.95                 520.53
     585.95                 626.79                 711.49
     791.19                 804.34                 810.35
     883.32                 974.35                 997.23
    1014.14                1018.63                1054.74
    1105.69                1125.51                1174.70
    1194.67                1204.17                1233.59
    1277.68                1289.57                1312.67
    1334.62                1363.03                1405.45
    1445.64                1466.33                1496.46
    1506.24                1567.61                1690.19
    1860.54                3046.22                3094.18
    3199.61                3200.32                3215.52
    3221.88                3816.02                3839.78
