     5.4827                 6.6763                 5.2121
     5.8505                 6.0092                 1.0727
     1.2846                 4.1365                 4.7632
     4.1949                 3.6391                 4.5321
     3.8371                 4.2903                 4.4081
     2.9334                 5.7859                 3.9129
     3.5545                 2.7881                 1.9372
     1.3653                 2.0001                 1.4188
     1.6950                 1.3978                 5.7784
     1.4480                 1.3687                 1.1115
     1.5430                 1.2249                 1.3450
     1.1494                 1.9423                 2.5764
     1.9683                 1.9423                 2.6411
     1.7456                 2.7133                 1.1015
     2.7165                 3.1419                 4.8170
     1.2707                 1.0585                 1.1061
     1.0873                 1.0909                 1.0980
     1.0940                 1.0671                 1.0667
