    -783.39                  44.63                  79.09
      89.59                 114.15                 128.22
     141.33                 147.36                 156.27
     192.14                 212.04                 248.03
     273.58                 290.00                 337.48
     364.32                 413.31                 445.25
     479.24                 519.40                 532.10
     591.80                 598.45                 663.36
     710.83                 775.93                 797.02
     827.31                 862.20                 934.37
     947.29                 985.84                1061.60
    1098.23                1134.83                1150.60
    1175.20                1188.92                1203.57
    1221.37                1236.12                1244.78
    1285.12                1302.17                1365.68
    1385.86                1411.56                1417.40
    1428.39                1447.95                1451.64
    1465.75                1485.92                1532.18
    1704.85                3062.02                3086.47
    3091.14                3110.94                3170.41
    3195.94                3207.75                3552.14
    3726.41                3823.57                3832.28
