     9.5011                 8.1618                 6.7991
     2.6477                 4.6738                 3.5587
     7.2940                 4.5587                 5.4147
     5.6713                 4.7228                 2.3036
     2.5519                 4.9452                 1.1839
     4.1932                 3.5300                 3.5824
     2.8827                 1.2800                 5.5951
     3.0047                 5.5446                 5.4596
     4.1094                 2.1219                 2.0276
     1.2168                 2.6343                 2.2971
     4.5500                 2.4660                 1.7786
     1.4905                 2.6327                 5.9346
     1.9750                 1.4903                 2.1106
     1.3232                 1.3210                 1.5349
     2.2009                 1.1466                 1.4154
     1.3418                 1.2460                 1.3051
     1.2966                 1.1964                 1.1843
     1.8008                 1.1093                 3.8604
    10.7843                 1.0583                 1.0856
     1.0572                 1.1062                 1.1126
     1.0868                 1.0896                 1.0678
     1.0660                 1.0669                 1.0669
