    -420.52                  67.00                  93.55
     115.10                 174.18                 206.75
     226.41                 274.81                 314.62
     380.55                 400.70                 423.35
     465.74                 515.21                 532.94
     555.86                 629.42                 692.65
     778.32                 799.01                 853.32
     916.55                 970.98                 995.35
    1023.91                1035.33                1050.14
    1079.32                1119.40                1176.55
    1190.43                1218.58                1249.40
    1295.79                1306.60                1337.61
    1358.01                1384.10                1406.32
    1446.91                1466.74                1480.20
    1480.96                1588.41                1685.96
    1888.35                3076.51                3126.83
    3195.69                3205.04                3215.35
    3224.53                3664.91                3817.11
