     5.9634                 6.7173                 4.8797
     6.8220                 4.0871                 6.6290
     7.7711                 3.4713                 2.1714
     1.4736                 5.2333                 3.5197
     1.2286                 3.1084                 4.7720
     4.4800                 5.0908                 4.6144
     2.4516                 1.5233                 3.5496
     1.4770                 1.5239                 1.5374
     4.1487                 1.3709                 2.2168
     2.0152                 1.3824                 1.1000
     1.2082                 1.2657                 1.8991
     1.7477                 2.9957                 1.6955
     2.4440                 1.2037                 1.2888
     2.2162                 2.1124                 1.0996
     3.2819                 3.7565                 4.8903
     1.2104                 1.0578                 1.1093
     1.0884                 1.0909                 1.0945
     1.0960                 1.0676                 1.0667
