      54.07                  79.32                  85.08
     129.42                 160.78                 210.19
     245.37                 265.91                 276.17
     294.17                 315.16                 325.89
     363.27                 385.26                 394.27
     424.04                 429.24                 507.04
     526.93                 530.76                 617.92
     677.43                 783.92                 830.02
     916.03                 950.88                1004.85
    1043.41                1074.01                1100.18
    1181.68                1196.33                1222.57
    1255.62                1262.59                1280.86
    1291.34                1313.51                1340.23
    1354.88                1389.52                1411.99
    1435.34                1439.02                1487.03
    1604.91                2449.11                2999.37
    3087.46                3116.90                3136.27
    3776.35                3790.29                3825.94
