    10.2948                 7.2003                11.3335
     5.9764                 7.4784                 7.6596
     8.8503                 2.2549                 1.2763
     2.8423                 3.0301                 2.9479
     3.5936                 5.9606                 1.2959
     6.5896                 2.3270                 6.6510
     5.9668                 4.2110                 6.2181
     7.2456                 3.6080                 6.7597
     2.2811                 2.6110                 3.2003
     5.2474                 1.1585                 2.3981
     1.8669                 1.3002                 1.6348
     1.8240                 2.6437                 2.4931
     7.2291                 1.4988                 1.9112
     1.8833                 1.6663                 1.5574
     1.1412                 1.2625                 2.0409
     1.1075                 1.0883                 1.0844
     1.0639                 1.0881                 1.1008
     1.0656                 1.0662                 1.0667
