     9.3058                 8.9310                 1.7024
     1.9742                 1.4547                 2.5492
     1.3609                 4.3302                 5.3739
     7.1475                 8.0610                 4.2459
     5.0840                 3.1248                 3.0129
     1.1476                 1.0806                 2.4169
     5.5679                 2.7619                 1.8787
     1.2283                 1.3621                 1.4146
     2.1422                 1.0878                 1.0883
     1.0665                 1.0670                 1.0671
