      70.62                 114.09                 154.65
     251.13                 297.34                 318.92
     401.77                 435.48                 496.97
     565.04                 615.86                 640.63
     736.60                 825.03                 856.70
     940.59                 969.58                 980.38
     999.11                1027.73                1035.75
    1072.94                1122.95                1164.90
    1194.07                1226.94                1267.08
    1308.49                1345.67                1368.48
    1389.38                1438.06                1453.37
    1688.63                1742.19                3066.94
    3116.83                3189.77                3196.57
    3210.13                3217.04                3808.66
