     5.0182                 8.9332                 5.1581
     5.8038                 3.1726                 1.1748
     5.0650                 2.6269                 5.7953
     5.2444                 5.0331                 4.0534
     1.5670                 1.4944                 3.9099
     4.9949                 2.5559                 4.3443
     2.3318                 1.3224                 1.3451
     6.2445                 1.4924                 1.0246
     1.0842                 1.0908                14.0479
     1.1414                 2.0559                 1.3250
     1.2718                 1.7533                 1.8330
     7.9848                 6.0323                 1.0839
     1.0865                 1.0862                 1.0878
     1.0980                 1.0999                 1.0664
