    -306.07                  66.64                 112.50
     161.44                 169.54                 310.04
     312.32                 357.36                 389.99
     472.57                 491.48                 591.41
     617.43                 727.15                 763.06
     825.28                 844.11                 892.00
     946.20                 957.97                1002.09
    1018.23                1024.58                1032.49
    1051.29                1089.42                1159.77
    1177.93                1184.82                1231.52
    1323.43                1346.35                1376.61
    1404.39                1465.65                1485.63
    1529.48                1605.71                1635.24
    3075.91                3133.53                3188.64
    3198.25                3205.91                3212.19
    3219.67                3671.39                3818.95
