    12.1496                 3.7146                 5.7072
     4.9900                 6.7941                 1.4197
     4.4709                 1.5324                 2.9902
     1.0774                 3.9637                 3.6079
     6.2898                 3.3136                 1.4098
     3.4214                 1.0653                 1.2831
     1.5146                 1.4032                 1.8620
     2.1825                 4.8432                 1.4397
     2.1530                 1.5286                 1.1547
     1.1495                 1.1269                 2.6372
     4.2640                 1.3525                 1.2212
     1.2477                 2.0726                 1.0954
     2.4652                 5.2437                 5.5886
     1.0605                 1.1066                 1.0891
     1.0879                 1.0910                 1.0936
     1.0983                 1.0682                 1.0665
