     -60.88                  27.07                  45.07
      62.36                  72.09                 103.22
     143.84                 146.74                 166.45
     188.63                 238.16                 272.93
     277.34                 299.69                 315.48
     347.09                 363.69                 367.62
     376.31                 386.18                 422.38
     487.90                 519.00                 528.62
     563.83                 573.36                 629.36
     759.88                 778.98                 845.63
     864.91                 929.12                 974.71
    1023.84                1049.33                1055.41
    1084.23                1141.13                1175.87
    1203.41                1212.68                1230.38
    1260.55                1293.73                1329.50
    1349.65                1356.87                1397.10
    1405.21                1411.29                1417.53
    1431.74                1434.01                1495.13
    1652.96                3033.07                3088.33
    3124.52                3132.86                3179.11
    3646.63                3710.95                3754.07
    3777.15                3797.63                3823.99
