     4.6663                 6.3290                 6.2671
     5.4862                 7.1011                 6.1910
     3.0133                 7.1337                 4.6442
     4.8716                 6.2102                 1.6650
     1.4487                 5.0703                 2.4801
     1.9992                 1.7196                 1.9109
     1.5513                 1.5255                 1.2282
     3.7348                 5.1079                 4.2938
     4.6671                 1.2955                 4.7455
     2.5405                 1.9906                 4.6405
     1.5020                 2.0616                 2.4624
     5.7057                 3.6365                 2.3409
     2.7398                 4.6117                 1.8915
     1.1564                 1.1320                 1.4714
     2.3699                 2.2483                 2.7599
     1.8719                 1.4198                 1.2993
     1.3688                 1.1674                 1.3653
     1.2082                 1.2688                 2.0540
     6.1299                 1.0867                 1.0672
     1.0879                 1.0943                 1.0898
     1.0660                 1.0648                 1.0687
     1.0657                 1.0660                 1.0668
