    -251.08                  36.85                  77.87
     129.81                 134.01                 164.63
     295.17                 310.56                 379.43
     402.57                 479.94                 576.12
     616.27                 717.29                 729.27
     788.93                 840.47                 857.31
     949.04                 972.40                 999.33
    1014.74                1024.43                1029.96
    1041.13                1099.64                1159.51
    1184.90                1196.24                1244.84
    1317.93                1352.33                1385.42
    1414.90                1490.60                1491.44
    1509.04                1598.40                1640.09
    3067.75                3125.12                3189.56
    3190.26                3207.20                3211.50
    3228.89                3779.31                3824.16
