    11.5074                 3.3108                 6.1962
     3.7714                 1.1431                 6.0761
     2.3246                 1.8205                 1.7666
     2.8371                 3.6558                 4.1689
     6.3745                 1.3231                 1.8719
     1.8164                 2.5925                 1.2616
     1.4173                 1.4979                 2.2548
     1.3916                 2.8572                 1.7265
     3.8183                 1.4934                 1.0970
     1.1236                 1.1478                 2.8092
     3.6316                 1.4511                 1.1952
     1.2965                 1.5526                 1.4131
     2.2486                 5.6605                 5.5221
     1.0614                 1.1049                 1.0895
     1.0887                 1.0938                 1.0937
     1.0946                 1.0675                 1.0666
