    -115.78                  74.07                  82.66
     140.14                 166.51                 207.67
     237.86                 274.85                 295.98
     315.72                 325.29                 348.06
     393.28                 424.11                 452.07
     547.84                 587.46                 637.44
     696.22                 725.63                 754.78
     808.08                 852.48                 877.52
     932.89                 975.57                 998.72
    1020.78                1029.57                1049.25
    1092.48                1121.99                1148.23
    1186.55                1215.52                1237.14
    1264.63                1308.44                1325.27
    1342.73                1370.56                1387.05
    1407.18                1419.14                1456.74
    1489.61                1563.23                1732.60
    3006.47                3007.34                3074.22
    3141.25                3149.74                3174.47
    3224.90                3796.82                3822.90
