     7.7196                 5.3771                 4.0531
     5.4273                 5.6376                 7.7062
     1.8566                 3.4217                 1.8748
     1.5404                 5.2148                 2.0008
     5.1924                 3.7929                 3.1174
     4.4082                 4.0178                 4.6722
     3.8261                 2.6639                 1.7602
     3.1034                 2.3913                 6.5552
     1.7315                 1.5309                 2.8626
     1.4634                 2.3616                 2.8197
     5.3361                 2.4241                 1.7308
     1.7628                 1.1050                 1.4143
     2.9603                 2.0031                 1.4563
     2.1637                 1.2773                 1.2536
     1.2902                 1.6889                 2.0263
     1.0857                 6.6334                 8.1912
     1.0819                 1.0837                 1.0616
     1.1058                 1.0852                 1.0952
     1.0932                 1.0666                 1.0668
