     137.80                 215.00                 240.23
     373.86                 416.20                 438.18
     489.32                 601.89                 621.67
     637.09                 697.22                 770.82
     829.82                 844.26                 909.12
     987.79                1006.46                1017.28
    1041.23                1096.59                1126.45
    1150.78                1177.60                1217.36
    1271.83                1318.09                1346.67
    1470.01                1488.92                1532.69
    1600.84                1622.14                3181.29
    3187.06                3196.59                3208.20
    3214.24                3221.26                3830.84
