     5.0923                 4.5629                 2.7218
     1.2159                 2.9319                 6.3115
     2.1145                 5.4239                 6.4348
     1.4650                 1.6362                 2.0056
     4.0126                 1.2631                 1.4281
     5.3506                 1.3556                 1.3032
     2.2141                 1.8065                 2.7605
     1.1576                 1.2589                 1.1907
     1.9358                 3.7294                 1.3472
     2.1520                 2.0068                 2.7527
     4.9423                 5.3156                 1.0864
     1.0877                 1.0932                 1.0930
     1.0970                 1.0903                 1.0667
