    -152.28                  38.01                  60.65
     103.55                 116.32                 153.69
     185.41                 232.61                 273.08
     320.50                 341.60                 394.24
     419.35                 445.03                 563.36
     581.78                 605.75                 706.88
     736.27                 773.46                 821.62
     847.96                 969.26                 979.17
    1020.66                1030.81                1053.26
    1074.76                1105.66                1177.03
    1181.42                1194.32                1256.10
    1261.30                1276.55                1328.94
    1362.01                1368.04                1402.14
    1437.73                1458.70                1481.27
    1484.42                1582.89                1667.48
    3085.09                3169.60                3208.83
    3213.79                3227.01                3235.66
    3240.56                3342.46                3816.31
