     8.5136                 8.0511                10.0839
     4.7086                10.1692                 3.1416
     4.7009                 2.7627                 2.0729
     3.9100                 2.1339                 2.6659
     3.6476                 4.3962                 3.3688
     5.2580                 3.0102                 1.7036
     1.2972                 3.8158                 1.8976
     1.3535                 1.6879                 3.3815
     2.4329                 1.4312                 1.3892
     1.4865                 1.4859                 1.1507
     1.1695                 1.3166                 3.0724
     8.8035                 1.8219                 2.9825
     1.3366                 1.3880                 1.2294
     1.9331                 2.8002                 1.9632
     1.2118                 3.4565                 5.9615
     1.0615                 1.1079                 1.0904
     1.0912                 1.0907                 1.0972
     1.0989                 1.0681                 1.0664
