    -378.44                  60.99                  94.64
     112.87                 144.46                 165.78
     175.41                 210.15                 233.28
     342.04                 350.30                 379.42
     416.37                 447.13                 475.16
     564.42                 578.98                 631.24
     760.53                 788.60                 865.64
     903.69                 921.74                 978.45
     998.10                1007.53                1010.32
    1071.99                1131.83                1146.47
    1164.75                1200.74                1211.66
    1227.65                1281.77                1312.56
    1352.44                1383.36                1397.05
    1430.51                1440.10                1478.14
    1492.96                1552.01                1716.18
    3034.28                3042.10                3096.29
    3186.96                3189.62                3201.53
    3215.04                3817.70                3823.72
