     9.0384                 8.6465                 3.4802
     5.4902                 5.6925                 3.8677
     5.4365                 2.9023                 1.3373
     7.7728                 3.0880                 1.2056
     5.2340                 3.3014                 3.7658
     3.8850                 5.0903                 3.0965
     1.5527                 2.3220                 1.5818
     2.8883                 1.3993                 3.1618
     2.4489                 1.8453                 1.9453
     1.8676                 5.2216                 1.1997
     1.1642                 2.0919                 1.0861
     1.3769                 3.6726                 1.4347
     1.5349                 1.2743                 1.3845
     1.9978                 1.6795                 1.1453
     3.6031                 3.4872                 6.9023
     1.0821                 1.0650                 1.0990
     1.0877                 1.0907                 1.0897
     1.0976                 1.0665                 1.0666
