    -406.64                  48.27                  86.91
     117.29                 123.44                 170.41
     196.30                 269.44                 318.25
     324.53                 353.65                 370.95
     434.44                 494.00                 503.53
     571.07                 591.50                 668.68
     750.42                 813.70                 877.52
     908.18                 955.55                 977.51
    1002.77                1010.11                1016.25
    1020.99                1052.88                1151.40
    1155.01                1193.03                1217.08
    1241.53                1271.49                1338.19
    1355.81                1380.42                1399.93
    1411.96                1452.17                1474.74
    1488.54                1545.75                1698.21
    3021.61                3063.13                3111.77
    3184.72                3197.09                3206.10
    3218.25                3721.76                3817.63
