     9.7086                 6.0125                 5.2991
     4.4711                 7.9073                10.4030
     6.4663                 2.2443                 1.8679
     3.3834                 3.0381                 3.2887
     3.9973                 3.9935                 1.0812
     4.7979                 4.9013                 4.4088
     1.2474                 4.1027                 1.5868
     1.7766                 1.8050                 1.6690
     2.5260                 2.6208                 3.1682
     2.4477                 2.3548                 1.2875
     1.1592                 1.2554                 1.8837
     1.2444                 2.8317                 1.3551
     1.5024                 1.2104                 1.2683
     1.9698                 2.2371                 1.0979
     3.1716                 3.4408                 6.7878
     1.0819                 1.0574                 1.1085
     1.0904                 1.0873                 1.0910
     1.0985                 1.0662                 1.0666
