     132.26                 184.82                 238.70
     247.12                 293.58                 391.40
     407.96                 460.58                 553.41
     605.67                 680.79                 727.07
     740.13                 818.23                 855.35
     897.28                 953.27                 970.39
     997.48                1000.32                1023.69
    1036.60                1073.57                1086.09
    1113.58                1182.87                1270.29
    1293.26                1297.23                1316.02
    1332.67                1373.37                1384.27
    1412.54                1695.28                3034.76
    3151.14                3165.66                3212.35
    3232.18                3236.99                3826.12
