     5.1577                 1.0436                 1.2934
     6.9559                 3.6970                 4.0555
     3.7532                 5.3958                 5.5115
     5.9042                 6.3335                 3.7709
     2.0911                 4.4266                 3.4288
     3.6478                 3.2189                 2.2488
     3.4659                 1.7273                 3.3592
     1.6163                 3.4285                 1.6372
     1.2025                 1.1472                 1.9076
     1.3028                 1.2838                 1.3240
     1.3945                 1.9252                 2.0449
     1.7195                 6.2470                 1.0824
     1.0893                 1.0898                 1.0880
     1.1048                 1.0927                 1.0668
