      44.47                  75.97                  98.51
     144.37                 177.25                 213.57
     230.33                 264.83                 277.99
     318.30                 344.06                 369.25
     397.03                 443.74                 460.43
     503.37                 580.28                 614.74
     695.03                 771.56                 810.17
     933.05                 967.85                1010.86
    1023.13                1031.41                1069.24
    1162.38                1174.00                1201.61
    1243.51                1264.88                1267.40
    1321.79                1342.74                1371.98
    1384.01                1404.21                1410.70
    1470.82                1485.40                1716.46
    3079.97                3095.92                3140.88
    3172.06                3206.40                3760.66
    3793.99                3823.39                3823.63
