     6.5558                 5.0655                 4.3453
     4.1763                 5.9181                 3.4963
     1.5691                 1.6465                 1.8153
     1.0791                 1.9894                 1.7456
     2.1796                 3.9203                 3.6917
     4.1538                 4.6430                 5.9754
     4.7828                 2.0234                 3.1900
     2.1501                 2.9314                 3.4175
     1.7252                 2.1426                 3.5781
     1.8251                 1.6074                 1.0700
     2.2615                 2.5048                 1.1950
     1.6501                 1.4205                 1.3858
     1.3045                 1.4083                 1.2644
     1.7014                 1.1883                 7.4003
     1.0578                 1.0870                 1.1107
     1.0878                 1.0958                 1.0654
     1.0663                 1.0669                 1.0666
