    -378.77                  84.91                  89.47
     115.64                 147.09                 173.20
     236.80                 242.67                 284.15
     309.20                 335.82                 371.16
     425.39                 442.28                 478.34
     489.23                 506.06                 537.20
     578.36                 597.93                 630.35
     666.56                 698.90                 738.23
     816.76                 932.60                 961.58
     997.51                1008.79                1084.66
    1122.21                1140.89                1184.00
    1234.08                1274.13                1295.81
    1308.40                1335.18                1341.13
    1413.74                1437.30                1448.72
    1465.04                1477.53                1519.38
    3025.43                3092.06                3113.56
    3212.19                3435.83                3656.91
    3664.40                3671.14                3720.00
