    10.1931                 6.6619                 7.7759
     6.4662                 5.9787                 6.0759
     7.7112                 6.5347                 6.1179
     4.5998                 4.6093                 3.1911
     2.1231                 1.2537                 1.1809
     1.5224                 3.4120                 3.5498
     1.5799                 3.2410                 3.0097
     1.2473                 2.3950                 1.4186
     3.9825                 1.8893                 1.7703
     4.4307                 3.4310                 2.2880
     2.0011                 1.6064                 2.2968
     1.6080                 3.2929                 1.4972
     2.4956                 1.6069                 1.5619
     1.2550                 1.2963                 1.2812
     1.1650                 1.5398                 2.5522
     1.0849                 1.0882                 1.0542
     1.1166                 1.0675                 1.0644
     1.0686                 1.0652                 1.0665
