      55.77                  68.60                  91.83
     105.85                 121.04                 153.18
     197.94                 209.88                 220.78
     250.28                 267.45                 294.84
     302.18                 305.61                 343.75
     381.31                 403.57                 422.80
     437.87                 509.17                 523.82
     547.17                 598.29                 618.90
     690.82                 758.43                 803.60
     833.06                 866.85                 883.94
     897.99                 940.94                 972.12
    1050.41                1114.30                1130.28
    1174.34                1197.83                1204.90
    1211.45                1228.97                1237.04
    1255.98                1287.90                1299.57
    1309.69                1324.72                1336.28
    1349.89                1384.41                1390.63
    1425.72                1429.88                1442.31
    1478.09                1520.56                1555.29
    2963.83                3087.98                3091.38
    3099.04                3128.58                3142.17
    3630.44                3765.46                3821.33
