     8.2868                 9.0716                 7.1954
    10.1844                 6.0248                 6.3446
     6.3789                 6.2539                 8.5991
     3.2072                 2.0181                 2.9184
     3.8892                 5.5168                 5.5156
     2.5508                 1.8244                 2.3384
     5.0758                 1.4512                 4.4153
     5.7363                 5.3013                 3.4290
     6.1374                 3.0037                 4.8715
     3.9528                 1.1718                 4.3015
     1.1278                 2.7366                 3.6715
     3.0393                 4.1122                 2.5180
     1.5462                 1.6533                 1.2416
     1.2174                 2.1354                 1.6509
     1.9832                 9.7770                 2.1797
     2.2999                 2.5722                 1.8450
     1.5580                 1.3890                 1.5370
     1.4598                 1.3301                 1.0940
     1.8447                 1.2553                 1.1123
     1.0767                 1.0714                 1.0795
     1.0857                 1.0889                 1.0987
     1.0645                 1.0656                 1.0667
