    -455.67                  63.15                  84.44
     118.75                 136.53                 209.75
     231.70                 234.41                 249.06
     303.24                 342.18                 373.68
     454.99                 483.21                 505.10
     552.25                 644.71                 698.19
     745.58                 826.27                 874.45
     906.41                 953.08                 987.59
    1009.38                1034.39                1051.28
    1082.22                1140.47                1183.63
    1193.88                1201.88                1227.35
    1277.21                1308.34                1336.67
    1353.01                1374.62                1405.42
    1414.27                1477.48                1485.32
    1492.05                1579.56                1698.88
    1838.90                3063.31                3116.67
    3188.72                3191.46                3214.15
    3227.86                3822.55                3824.43
