     5.1198                 5.7009                 4.1981
     7.0519                 6.2505                 3.3644
     1.3567                 4.9079                 1.7013
     1.9401                 2.9100                 4.6024
     3.9939                 4.3829                 4.9657
     3.9160                 4.8823                 2.5720
     4.8856                 1.3721                 2.3846
     1.8760                 2.0536                 2.5667
     1.3594                 1.3684                 4.6913
     1.5429                 1.3114                 1.4262
     1.4437                 1.1096                 1.1880
     1.7282                 2.2718                 1.9424
     3.8137                 1.2854                 2.0589
     1.3430                 2.6210                 1.1637
     2.8749                 2.8502                 4.6006
     1.3073                 1.0613                 1.1049
     1.0921                 1.0889                 1.0935
     1.0946                 1.0666                 1.0671
