      53.78                 104.87                 134.59
     239.97                 258.69                 267.41
     355.78                 368.04                 442.36
     484.32                 520.94                 619.32
     627.46                 736.79                 787.24
     837.13                 861.49                 904.20
     954.69                 971.51                1002.36
    1018.27                1038.90                1069.27
    1113.50                1162.87                1194.57
    1200.71                1210.13                1316.62
    1326.03                1350.78                1378.90
    1407.68                1413.22                1454.49
    1484.79                1579.25                1639.99
    2977.12                3060.40                3114.81
    3172.65                3184.63                3199.14
    3209.95                3816.95                3821.44
