    -387.56                  42.84                  47.58
     106.67                 128.94                 133.61
     169.22                 186.31                 218.42
     242.40                 263.57                 328.04
     345.45                 350.21                 403.41
     442.79                 499.88                 511.22
     524.98                 574.49                 591.45
     715.16                 783.40                 800.74
     927.74                 988.93                1041.96
    1048.74                1057.14                1077.75
    1095.08                1112.43                1133.80
    1195.47                1220.49                1247.25
    1261.07                1363.89                1372.08
    1380.09                1388.37                1394.11
    1440.58                1454.19                1474.69
    1696.26                1718.31                1789.35
    3018.82                3072.57                3092.78
    3123.31                3146.81                3171.28
    3187.82                3599.82                3828.43
