     8.0497                 6.6852                 9.5672
     2.9679                 4.7767                 4.1551
     3.9743                 6.4793                 3.3959
     2.7927                 6.9506                 6.0230
     3.9042                 5.9610                 4.0905
     1.1591                 4.0297                 2.8516
     3.6490                 1.4483                 5.0806
     4.0900                 1.3006                 5.1177
     1.5210                 1.6262                 3.1890
     1.6905                 1.3689                 3.3539
     2.8384                 2.3447                 4.7865
     1.7448                 1.3856                 1.1526
     1.1663                 2.6117                 1.2644
     1.2243                 1.2677                 1.3030
     1.4607                 1.4803                 1.1257
     9.4052                 6.9134                10.0179
     1.0883                 1.0610                 1.0892
     1.0885                 1.1064                 1.0854
     1.0950                 1.0656                 1.0667
