      24.70                  48.64                  59.00
      71.43                  89.21                 105.35
     112.14                 149.65                 164.13
     197.68                 215.98                 227.62
     246.42                 248.41                 267.13
     270.18                 295.65                 304.10
     310.54                 334.31                 379.86
     396.26                 408.52                 426.52
     453.43                 509.86                 525.52
     546.62                 597.23                 615.96
     649.01                 697.15                 756.81
     787.12                 821.75                 881.77
     902.19                 940.76                 972.16
    1050.49                1107.76                1128.70
    1163.91                1194.91                1204.76
    1214.12                1222.53                1237.52
    1256.18                1285.95                1302.80
    1320.86                1332.94                1340.50
    1383.34                1390.49                1419.30
    1429.90                1441.62                1469.37
    1478.66                1558.09                1635.80
    2983.25                3088.61                3091.84
    3099.42                3115.41                3143.03
    3451.10                3633.71                3765.52
    3821.42                3823.61                3835.45
