     7.5249                 5.9629                 7.0998
     8.6545                 7.1414                 8.7698
     6.1996                 5.8076                 5.5324
     5.9925                 6.1109                 7.7232
     1.1226                 2.8084                 1.6156
     1.4436                 2.7680                 4.4046
     3.5591                 2.9010                 2.2910
     1.4872                 1.5625                 2.6916
     5.7690                 2.0931                 2.2596
     5.7722                 5.6414                 3.3242
     1.0605                 5.8726                 2.9709
     4.1120                 4.2970                 5.6847
     1.1200                 2.7436                 3.7158
     3.0813                 3.6781                 2.7302
     2.6821                 1.4221                 1.6444
     1.4663                 1.4151                 1.5849
     2.0000                12.3604                 1.8070
     2.4730                 3.3959                 1.7567
     1.4174                 1.4965                 1.2091
     1.3297                 1.0923                 1.7218
     1.8410                 1.1097                 1.0780
     1.0752                 1.0738                 1.0771
     1.0856                 1.0875                 1.0986
     1.0648                 1.0645                 1.0656
     1.0667                 1.0667                 1.0651
