      58.51                  98.80                 189.44
     259.30                 319.10                 340.83
     366.02                 420.58                 484.19
     504.53                 562.68                 583.67
     657.31                 717.35                 803.26
     832.22                 886.94                 954.06
     970.58                 994.26                1003.58
    1009.15                1028.12                1035.51
    1112.65                1169.25                1188.30
    1215.56                1246.57                1312.94
    1335.12                1355.98                1378.46
    1400.69                1434.50                1469.57
    1475.95                1561.70                1628.82
    2970.40                3058.85                3106.74
    3175.13                3184.23                3199.87
    3219.17                3706.46                3815.64
