     4.6512                 3.5394                 5.6301
     2.5396                 1.8528                 2.7372
     2.0537                 2.9802                 3.6532
     1.0960                 5.0275                 2.9671
     4.4522                 1.5137                 2.2262
     2.0989                 2.7222                 1.8295
     1.6277                 3.5602                 4.3037
     1.4493                 2.5782                 2.3322
     1.4306                 1.1365                 1.2081
     1.8534                 1.2640                 1.6185
     1.3957                 1.6697                 1.1926
     1.2681                 1.6932                 2.2047
     1.1225                 3.6117                 6.0043
     1.0795                 1.0572                 1.1085
     1.0900                 1.0861                 1.0943
     1.0941                 1.0666                 1.0665
