     9.2857                 5.8687                 5.2319
     2.9523                 1.1024                 3.4103
     1.9795                 1.3000                 3.8925
     2.8522                 2.8707                 1.3172
     3.4534                 6.2982                 1.8089
     1.7153                 3.4912                 1.2509
     1.3333                 1.5129                 3.9371
     1.4709                 1.6087                 2.1381
     1.5170                 2.7335                 1.1439
     1.1169                 1.7652                 1.1075
     1.8051                 4.3520                 1.3305
     1.1093                 1.5612                 2.2562
     2.4883                 6.1453                 6.1047
     1.0761                 1.0845                 1.0876
     1.0876                 1.0912                 1.0949
     1.0988                 1.0671                 1.0667
