      82.43                 116.38                 182.15
     245.88                 344.18                 396.42
     412.99                 419.59                 494.56
     514.50                 609.14                 651.11
     741.65                 794.53                 807.30
     936.16                 968.01                 979.23
    1016.34                1018.52                1032.32
    1114.86                1166.59                1173.96
    1189.69                1270.45                1275.38
    1313.63                1332.83                1352.22
    1382.36                1415.94                1441.04
    1678.45                1730.70                3034.82
    3149.97                3190.60                3196.15
    3211.48                3218.07                3810.47
