     5.5270                 9.7751                 4.4368
     8.0752                 2.1704                 2.4461
     2.0876                 3.2637                 4.1895
     3.7355                 4.1843                 2.6164
     2.2767                 1.5651                 3.1718
     3.9530                 2.6060                 3.4722
     1.4484                 1.8401                 1.3606
     1.6166                 1.1438                 1.5449
     1.3414                 2.5534                 3.1351
     1.3604                 1.6722                 1.4561
     1.3281                 1.5146                 1.8258
     8.1836                 6.0484                 1.0822
     1.0879                 1.0865                 1.0887
     1.0977                 1.0997                 1.0667
