      21.80                  77.55                 105.00
     214.27                 281.84                 341.35
     373.88                 387.10                 413.91
     543.29                 600.17                 628.78
     644.90                 718.44                 773.53
     844.24                 878.60                 879.60
     970.74                1019.13                1020.81
    1039.60                1054.98                1098.52
    1129.89                1163.14                1188.28
    1224.75                1238.05                1266.32
    1321.52                1343.36                1354.13
    1465.14                1495.66                1544.50
    1661.37                1680.70                3126.87
    3189.60                3194.67                3201.82
    3209.87                3216.82                3808.26
