     5.1175                11.6335                 6.4645
     4.6286                 3.4847                 2.5134
     6.0730                 1.8509                 2.8459
     3.5712                 8.4326                 6.6510
     5.7059                 1.6761                 2.2454
     3.8161                 1.2568                 3.6697
     1.5286                 1.4078                 5.6138
     1.3370                 2.1853                 1.8283
     3.2798                 1.1430                 1.1119
     1.4204                 1.6704                11.5304
     4.2168                 1.2114                 1.2866
     1.7079                 2.2135                 2.5942
     6.2394                 6.1286                 1.0883
     1.0873                 1.0889                 1.0915
     1.0955                 1.0990                 1.0662
