      96.15                 122.20                 167.65
     212.81                 237.02                 283.72
     292.76                 340.04                 357.66
     383.71                 449.95                 505.40
     525.99                 577.82                 635.69
     680.63                 697.67                 748.63
     802.03                 870.67                 896.98
     935.87                 955.47                 975.76
     998.03                1026.06                1043.60
    1066.49                1101.15                1121.25
    1152.17                1186.48                1227.07
    1270.04                1281.89                1311.68
    1330.07                1353.71                1391.82
    1401.28                1406.85                1433.87
    1451.42                1487.37                1511.90
    3070.60                3072.45                3137.09
    3147.01                3190.34                3205.23
    3227.21                3756.45                3821.57
