     4.7269                 4.5323                 5.5529
     3.2287                 1.6118                 2.1499
     2.4965                 1.8859                 1.8993
     5.5826                 3.3309                 2.2384
     5.6989                 2.3751                 5.8751
     3.0520                 3.2033                 2.5010
     3.5005                 4.9210                 3.1922
     2.0256                 4.4169                 4.2610
     1.3413                 4.4582                 2.0585
     4.7899                 1.4827                 1.2478
     1.4441                 1.3005                 3.2516
     1.4605                 1.9663                 1.4791
     1.9755                 1.6178                 1.2042
     1.8327                 1.5097                 2.0697
     2.2613                 1.0986                 2.9008
     1.0636                 1.0838                 1.1056
     1.0887                 1.0877                 1.0931
     1.0944                 1.0665                 1.0667
