   -3557.88                  55.11                  70.76
      86.81                  97.91                 110.68
     173.13                 204.41                 226.26
     254.33                 264.03                 275.19
     283.23                 304.94                 313.34
     350.13                 355.89                 366.47
     382.73                 415.12                 437.20
     451.63                 537.51                 568.36
     594.93                 641.81                 655.40
     688.38                 711.43                 802.20
     843.29                 898.95                 911.31
     983.03                1010.30                1062.14
    1102.24                1141.90                1149.02
    1171.50                1195.42                1204.68
    1212.01                1242.22                1254.14
    1266.11                1279.02                1304.29
    1324.18                1340.45                1371.79
    1376.68                1399.31                1427.83
    1444.18                1466.66                1482.71
    1495.67                1527.16                3088.76
    3104.16                3114.19                3137.65
    3151.07                3769.26                3782.68
    3782.87                3820.54                3821.53
