     1.1381                 5.7361                 6.2481
     6.0657                 8.6028                 5.9157
     6.6631                 6.9186                 8.1179
     2.5272                 1.8460                 1.1886
     1.8861                 2.6103                 3.4063
     1.9070                 1.6462                 3.0582
     2.2772                 4.9635                 2.5086
     2.0115                 5.3587                 5.0015
     4.3206                 6.3338                10.2519
     4.5339                 3.8206                 3.8501
     2.9853                 1.3648                 2.3950
     2.7794                 2.8878                 2.4473
     2.8474                 5.4088                 6.8162
     2.3544                 1.8980                 1.5811
     1.3181                 1.2959                 2.3496
     1.7310                 2.3062                 1.7222
     2.0384                 1.9983                 1.3287
     1.4107                 1.5965                 1.3172
     1.0925                 1.6626                 1.9235
     1.4048                 1.0468                 1.0635
     1.0883                 1.0881                 1.0930
     1.0950                 1.0660                 1.0660
     1.0658                 1.0668                 1.0666
