    -210.55                  50.18                  57.69
      77.29                  87.94                 101.02
     168.02                 186.40                 226.52
     253.15                 308.11                 326.63
     341.21                 370.13                 426.78
     502.91                 550.27                 631.26
     659.07                 741.19                 779.36
     794.85                 878.29                 956.02
    1010.15                1046.13                1060.82
    1155.56                1204.75                1228.09
    1240.30                1265.82                1271.44
    1284.59                1328.59                1383.99
    1416.89                1424.18                1454.38
    1483.67                1507.65                1527.77
    1628.29                3051.14                3085.69
    3141.87                3172.50                3191.48
    3361.89                3675.96                3794.74
