    11.4069                 7.6716                10.4157
     5.4793                 6.0775                 3.7949
     8.9282                 6.4575                 5.4920
     4.0274                 3.3480                 1.1523
     1.3810                 6.6692                 4.7373
     5.8209                 3.3435                 3.2975
     4.4836                 1.1088                 1.3016
     3.5382                 3.9749                 4.3368
     2.0638                 2.9800                 1.5140
     3.3454                 1.7325                 1.3784
     1.2645                 1.3114                 1.0836
     9.3612                 2.1905                 1.6210
     1.5604                 1.2660                 1.4339
     1.4971                 1.2887                 3.7857
     6.0264                 1.0586                 1.1052
     1.0882                 1.0867                 1.0921
     1.0706                 1.0650                 1.0663
