      50.72                  75.34                 135.88
     219.33                 242.78                 265.15
     289.85                 307.50                 336.31
     368.64                 384.59                 408.63
     487.07                 519.22                 567.45
     584.23                 678.04                 807.60
     927.07                1015.00                1053.14
    1105.77                1177.21                1219.49
    1272.41                1287.78                1330.84
    1359.04                1408.96                1438.84
    1443.63                1464.05                3136.51
    3185.15                3301.87                3762.41
    3781.54                3804.15                3824.77
