     1.0535                 6.7206                 4.5308
     3.7054                 2.6781                 1.0708
     4.5671                 1.4579                 1.5288
     2.0139                 1.5281                 1.7740
     4.0601                 3.4565                 4.2789
     2.5993                 4.4475                 3.5849
     2.1922                 5.8524                 4.4010
     2.2429                 1.9458                 1.3003
     2.4053                 2.8231                 2.9378
     1.6264                 1.1289                 1.2870
     1.3220                 1.7101                 1.0883
     1.0509                 1.1218                 1.0685
     1.0657                 1.0668                 1.0667
