      26.66                  43.72                  62.28
      81.15                  83.76                 105.79
     117.95                 158.88                 199.64
     204.41                 239.69                 292.67
     306.78                 341.45                 357.13
     361.44                 397.41                 428.77
     488.90                 557.07                 572.38
     594.12                 605.49                 698.93
     706.64                 805.19                 842.09
     906.93                 915.49                 955.09
    1009.66                1061.87                1116.70
    1194.82                1198.24                1226.95
    1240.98                1270.05                1293.02
    1312.00                1325.22                1344.23
    1360.74                1418.08                1438.63
    1443.34                1479.61                1574.25
    1598.89                1617.43                2870.14
    3022.42                3120.41                3120.98
    3129.41                3193.93                3562.59
    3687.93                3719.76                3848.43
