     7.7677                 4.7974                 9.5474
     5.4259                 8.4034                 4.7001
     8.2586                 6.3089                 2.3742
     1.3993                 6.2964                 5.8205
     3.2469                 3.6007                 1.5635
     1.6210                 1.4596                 1.3590
     5.8439                 5.5342                 5.4278
     2.2050                 1.3668                 1.2911
     3.7658                 4.2825                 4.0652
     1.6549                 2.1182                 4.2235
     1.9286                 5.1603                 2.4141
     1.5689                 1.5246                 1.3532
     2.4466                15.0664                 1.4407
     1.1881                 1.6994                 1.6831
     1.6685                 1.4062                 1.3558
     2.1919                 1.0865                 1.1719
     5.2585                 1.0766                 1.0819
     1.0697                 1.0871                 1.0938
     1.0875                 1.0896                 1.0623
     1.0648                 1.0658                 1.0675
