    -180.81                  44.37                  56.44
     117.77                 160.98                 227.95
     321.49                 407.78                 411.06
     519.29                 586.79                 606.65
     628.63                 766.38                 785.68
     807.11                 971.10                 981.67
    1020.89                1045.18                1060.49
    1080.30                1101.05                1133.36
    1176.19                1182.73                1263.23
    1292.99                1338.19                1363.25
    1420.41                1454.10                1484.71
    1584.43                1661.58                2812.16
    3209.67                3217.98                3225.69
    3235.32                3239.76                3481.27
