     7.6603                 5.6731                10.2513
    11.6843                 3.8021                 9.7037
     3.2069                 3.0656                 3.7376
     5.4354                 6.1991                 1.8058
     1.1363                 3.1700                 1.3493
     1.3665                 1.3023                 2.7659
     2.3834                 1.4056                 1.4877
     1.4667                 1.4241                 1.2015
     1.1272                 1.1272                11.6641
     1.6686                 4.4519                 1.4270
     1.8608                 3.5987                 2.1772
     3.5105                 5.8402                 1.0698
     1.0904                 1.0907                 1.0915
     1.0975                 1.0991                 1.0663
