    -474.34                  51.42                  77.46
     143.03                 162.01                 210.01
     309.50                 354.70                 421.67
     439.39                 521.85                 586.08
     649.84                 727.29                 772.23
     827.95                 866.47                 965.28
     994.25                 998.73                1015.98
    1042.77                1078.86                1101.10
    1155.19                1178.28                1186.95
    1224.24                1361.92                1374.18
    1402.84                1443.86                1472.35
    1533.37                1665.83                2747.19
    3191.65                3196.21                3206.18
    3210.86                3219.48                3822.23
