    10.4008                 5.8342                 7.6445
     5.7835                 5.0124                 1.1110
     4.6948                 6.9759                 3.3699
     3.8464                 4.3386                 6.3723
     2.3277                 1.5890                 1.5094
     2.7929                 1.4078                 4.8791
     1.5278                 2.0130                 1.3594
     1.7467                 3.4527                 1.8066
     1.2375                 1.1305                 1.1788
     1.4116                 1.3142                 2.9029
     1.6273                 2.4540                 2.1153
     3.4155                 5.7112                 1.0714
     1.0862                 1.0872                 1.0929
     1.0937                 1.0984                 1.0667
