      13.14                  28.00                  44.83
      60.24                  80.28                  90.94
     151.50                 197.10                 212.26
     271.26                 275.02                 286.13
     315.83                 325.61                 348.45
     387.58                 394.81                 414.06
     450.68                 481.81                 491.91
     539.12                 605.04                 663.23
     716.92                 853.50                 866.83
     914.46                1007.16                1023.17
    1079.92                1094.50                1142.69
    1190.37                1198.61                1224.34
    1239.24                1245.32                1270.40
    1274.81                1296.21                1322.50
    1333.63                1359.11                1391.32
    1416.27                1437.48                1452.60
    1467.65                1475.47                1797.78
    3073.07                3092.82                3095.85
    3127.58                3153.45                3754.19
    3796.28                3808.60                3821.88
