     8.8299                 8.0873                12.5707
     6.0682                 7.9417                 5.7583
     5.2106                 6.3964                 9.5006
     1.3072                 2.0334                 1.6409
     3.3882                 2.0352                 1.7444
     1.3240                 3.7468                 3.9444
     3.7831                 4.3433                 6.1636
     5.9271                 5.9887                 4.3000
     3.5377                 3.5671                 2.9534
     6.2670                 2.7684                 8.7352
     2.2198                 3.8795                 3.9788
     2.2418                 2.2414                 1.4436
     1.1929                 1.3396                 1.8654
     4.5357                 2.4564                 1.2571
     1.6288                 1.2472                 1.4493
     1.1287                 1.3175                 1.2727
     1.4219                 1.7238                11.8008
     1.0843                 1.0753                 1.0724
     1.0870                 1.1045                 1.0685
     1.0661                 1.0664                 1.0667
