      96.99                 102.45                 159.15
     192.60                 198.05                 244.12
     285.78                 313.27                 328.27
     369.67                 379.34                 399.06
     453.89                 511.53                 552.38
     613.78                 656.08                 699.44
     754.77                 789.26                 839.30
     893.65                 924.01                 926.26
     991.52                1015.84                1031.79
    1047.13                1048.39                1060.74
    1078.24                1110.21                1145.07
    1182.77                1192.66                1215.16
    1252.51                1272.71                1287.41
    1311.31                1342.60                1370.55
    1384.94                1403.39                1417.03
    1442.63                1486.94                1729.80
    2894.91                3072.55                3075.31
    3138.93                3140.46                3176.92
    3204.64                3745.76                3823.14
