     6.0116                 4.6694                 7.0813
     4.4863                 9.3526                 1.8745
     1.5448                 3.9153                 2.4959
     2.0281                 2.5936                 4.2920
     4.2022                 4.3911                 5.5847
     6.1470                 6.5694                 3.1609
     2.8786                 3.2615                 3.6704
     8.4001                 3.8297                 1.7364
     1.6022                 1.5003                 3.9052
     3.3511                 1.4225                 3.5382
     4.3384                 1.8102                 1.5090
     1.2423                 1.5630                 1.6458
     1.8168                 2.3035                 1.5372
     1.4824                 1.7320                 1.8956
     1.2678                 1.3415                 1.7891
     2.0778                 1.0852                 7.5052
     1.0742                 1.0851                 1.0613
     1.1067                 1.0886                 1.0886
     1.0980                 1.0664                 1.0667
