      37.38                  59.76                 109.26
     166.69                 190.00                 226.29
     266.81                 312.73                 354.47
     376.97                 450.11                 489.95
     540.53                 598.42                 602.85
     632.49                 703.60                 731.88
     794.44                 846.55                 884.92
     937.85                 959.98                1017.64
    1031.28                1152.61                1193.01
    1248.37                1272.79                1311.88
    1333.56                1378.06                1387.97
    1404.88                1428.35                1487.04
    1715.89                1720.63                3091.83
    3157.31                3190.08                3214.13
    3545.38                3742.62                3825.28
