     6.2541                11.2393                 4.1078
     5.3784                10.4318                 3.7979
     6.9179                 1.9501                 3.9216
     1.5704                 3.7868                 4.6262
     2.9927                 1.3772                 1.8808
     1.7486                 2.2873                 4.8477
     4.8173                 3.0008                 4.2352
     4.0937                 2.3426                 2.6975
     1.3453                 2.6291                 1.4650
     1.1667                 3.0497                 2.4413
     1.5460                 1.2675                 1.4144
     1.2034                 1.6430                 1.1963
     9.3592                 7.6556                 1.0580
     1.1112                 1.0887                 1.0946
     1.0672                 1.0648                 1.0671
