   -1890.73                  37.65                  61.90
      78.30                 111.21                 168.66
     210.44                 257.69                 257.94
     293.69                 360.71                 391.21
     441.95                 450.75                 505.77
     540.00                 616.21                 787.62
     894.38                1060.74                1084.62
    1116.27                1126.84                1164.28
    1204.55                1217.23                1274.97
    1356.74                1383.07                1408.40
    1430.78                1454.88                1541.90
    3110.01                3613.45                3741.76
    3769.97                3780.93                3810.26
