     1.1390                 3.8586                 4.5932
     1.3506                 5.7652                 5.3448
     5.2502                 4.4846                 1.2551
     5.2252                 1.1717                 1.1557
     5.2979                 4.3990                 1.2420
     4.6894                 4.6482                 5.0971
     3.4418                 6.3010                 3.3165
     1.9724                 1.8655                 1.5860
     3.3877                 1.4001                 1.2998
     1.5515                 1.3793                 1.1081
     1.4303                 1.6756                 1.1053
     1.0881                 1.0664                 1.0682
     1.0657                 1.0660                 1.0661
