      68.80                  94.84                 109.74
     167.52                 171.32                 200.08
     248.11                 272.65                 324.05
     328.64                 341.82                 385.62
     404.20                 433.39                 482.45
     514.65                 563.78                 625.80
     645.68                 697.53                 762.92
     792.90                 887.20                 897.34
     930.96                 944.71                 987.20
    1010.67                1032.72                1041.98
    1056.17                1079.71                1115.71
    1122.46                1169.72                1197.12
    1252.99                1273.58                1274.29
    1289.59                1313.77                1327.80
    1343.67                1363.12                1381.40
    1387.18                1404.29                1427.22
    1461.70                1486.73                1737.27
    3072.48                3075.36                3110.80
    3137.99                3139.70                3182.16
    3208.06                3749.75                3823.68
