    10.0830                 8.9256                 4.0436
     7.0631                 7.1737                 6.7197
     2.9276                 4.9460                 1.2554
     3.2195                 4.7245                 4.3372
     1.1972                 4.6746                 4.8198
     5.2254                 5.3642                 6.0661
     6.6036                 3.2489                 2.8137
     3.1094                 5.9254                 3.4501
     2.0710                 2.7845                 7.1823
     1.5570                 1.8149                 3.7157
     6.4159                 5.2737                 1.2919
     1.6756                 1.1189                 1.6076
     1.6355                11.3556                 2.0691
     1.6766                 1.5477                 1.2420
     1.9676                 1.5865                 1.8558
     1.2915                 1.3197                 1.7699
     2.1191                 1.0861                 7.3808
     1.0852                 1.0612                 1.0854
     1.0887                 1.1066                 1.0890
     1.0983                 1.0663                 1.0668
