    -994.93                  49.68                  76.55
     145.29                 218.23                 258.64
     405.86                 414.28                 423.40
     548.01                 619.96                 624.58
     676.24                 710.46                 725.43
     786.06                 849.11                 878.42
     968.70                1005.68                1019.43
    1021.63                1043.07                1051.86
    1102.56                1108.03                1163.76
    1180.12                1233.56                1316.72
    1341.43                1344.64                1360.31
    1476.80                1528.51                1549.00
    1661.68                1672.71                1873.01
    3096.44                3188.96                3195.21
    3203.99                3212.50                3218.42
