     1.3129                 5.0975                 7.8749
     6.7674                 5.7125                 6.8752
     5.9899                 3.0084                 3.6949
     3.2069                 5.9127                 6.3096
     6.3745                 1.9082                13.0302
     1.6417                 4.5397                 1.2496
     1.3607                 1.0807                 5.8646
     1.3798                 1.3355                 2.0699
     1.4663                 1.2878                 1.1377
     1.1276                 2.9184                 4.1073
     1.5492                14.3901                 1.4721
     2.4414                 2.3582                 3.1150
     6.0901                 6.0453                 1.0368
     1.0892                 1.0885                 1.0884
     1.0909                 1.0952                 1.0987
