    -443.04                 140.31                 189.58
     245.05                 272.57                 278.12
     350.19                 423.58                 452.25
     497.91                 582.02                 728.94
     741.53                 796.90                 852.41
     868.75                 874.45                 910.79
     962.03                 980.52                 992.49
    1013.78                1057.41                1059.01
    1139.37                1159.52                1220.76
    1231.16                1255.51                1269.49
    1276.77                1320.13                1330.87
    1364.66                1378.64                1418.26
    1456.14                1469.92                3119.34
    3139.78                3160.48                3190.60
    3222.22                3256.92                3804.35
