    10.6890                 5.7483                 5.7812
     3.2612                 2.4360                 2.5894
     3.9889                 3.4336                 3.3992
     6.1168                 6.0295                 2.3107
     4.8627                 3.5448                 4.4271
     5.9204                 2.3791                 2.9354
     1.9328                 3.4719                 3.2611
     1.7656                 1.8487                 1.7254
     1.1213                 2.6377                 1.4014
     1.4282                 1.5892                 1.8490
     1.6209                 1.5479                 1.4550
     1.6479                 1.4935                 3.1528
     2.4352                 2.3494                 1.0885
     1.0886                 1.0891                 1.0895
     1.0898                 1.0949                 1.0664
