      44.53                  73.18                  96.70
     116.79                 154.35                 189.32
     203.59                 255.80                 279.78
     304.15                 325.01                 346.79
     363.15                 384.59                 406.36
     423.57                 465.95                 548.83
     593.44                 660.89                 713.70
     752.74                 804.14                 910.09
     951.99                1009.82                1035.07
    1059.89                1120.47                1162.88
    1174.31                1213.22                1227.16
    1268.28                1272.76                1277.76
    1325.62                1370.17                1394.48
    1411.63                1419.28                1441.04
    1479.90                1496.33                1760.19
    3075.47                3086.67                3132.81
    3175.62                3200.46                3778.66
    3780.34                3822.50                3828.16
