     7.6080                 5.3626                 7.5132
     5.7611                 4.4993                 5.7559
     3.9899                 3.1613                 1.2944
     1.0854                 1.6703                 1.1780
     2.2932                 2.7509                 3.8820
     4.5619                 3.9736                 4.3595
     4.5058                 8.2996                 4.8517
     2.1301                 3.8258                 4.4134
     1.7360                 2.6997                 1.4484
     3.2869                 1.7655                 1.8719
     1.7220                 1.1838                 2.5695
     8.3316                 1.3441                 1.6826
     1.5574                 1.3486                 1.2901
     1.3528                 1.5151                 1.7034
     1.1805                 1.6894                 7.5122
     1.0588                 1.0864                 1.1094
     1.0877                 1.0961                 1.0658
     1.0652                 1.0666                 1.0670
