     100.62                 157.25                 234.35
     266.84                 347.42                 398.64
     425.81                 464.58                 553.11
     567.17                 603.55                 626.91
     746.41                 776.34                 782.77
     858.65                 896.75                 962.25
     991.12                1021.61                1030.86
    1067.14                1120.01                1156.78
    1198.52                1207.01                1227.02
    1277.13                1308.67                1379.38
    1382.37                1409.02                1478.72
    1504.07                1526.92                1653.60
    1688.68                3069.36                3114.43
    3182.59                3193.31                3204.81
    3214.35                3629.08                3816.66
