     3.6304                 3.2419                 5.1962
     3.3213                 1.5640                 2.2171
     4.1284                 3.2716                 3.7015
     6.1525                 1.1971                 3.4238
     2.8757                 4.1653                 1.4133
     3.6444                 1.5562                 1.5776
     1.4207                 1.3483                 6.1254
     2.0645                 1.7406                 1.1327
     1.1284                 1.7898                 3.2274
     1.9025                 3.0271                 1.1910
     1.4775                 1.3164                 1.0878
     2.5235                 2.7792                 6.2687
     6.4174                 1.0579                 1.1086
     1.0886                 1.0884                 1.0933
     1.0983                 1.0666                 1.0665
