     1.2033                 6.0562                 3.3721
     5.6779                 4.1697                 5.0135
     4.1729                 5.1961                 1.2354
     1.3222                 1.2630                 1.7538
     2.4705                 2.0984                 4.8650
     4.0348                 3.8652                 4.0971
     5.0172                 4.1540                 4.7349
     4.8593                 2.0341                 4.5253
     1.6632                 3.3164                 1.3368
     4.6321                 2.8250                 2.6185
     2.2802                 3.0946                 1.1541
     1.1945                 2.7188                 1.3056
     1.5930                 4.2348                 1.3982
     1.2914                 1.6988                 1.5247
     1.9305                 1.1372                 1.0819
     8.0629                 1.0579                 1.1098
     1.0867                 1.0951                 1.0655
     1.0663                 1.0663                 1.0668
