      33.07                  58.06                  86.50
     103.26                 124.22                 196.10
     234.23                 257.49                 300.33
     340.72                 360.56                 434.25
     458.60                 530.19                 551.88
     588.14                 603.96                 698.37
     732.43                 791.67                 814.99
     857.85                 889.09                 962.28
    1006.42                1059.91                1125.62
    1187.69                1209.65                1223.31
    1240.56                1270.87                1291.77
    1316.46                1317.17                1364.15
    1365.84                1419.55                1437.60
    1467.75                1480.64                1510.71
    1633.87                3019.23                3096.59
    3122.94                3123.37                3179.57
    3334.70                3612.36                3694.04
