     4.4412                 8.4408                10.0334
     4.8919                 6.1372                 4.9384
     7.3763                 8.2676                 4.2616
     6.9401                 3.6471                 1.3080
     4.4912                 3.1765                 3.2827
     2.8759                 1.6808                 4.0177
     1.3381                 1.1421                 3.6204
     4.4141                 7.5352                 4.3167
     1.8857                 5.3097                 1.9496
     1.5477                 1.5912                 1.3672
     1.2263                13.8680                 1.9842
     1.2303                 1.3809                 1.7014
     3.0976                 1.4248                 1.7226
     1.5599                 1.0825                 1.3846
     5.7805                 1.0699                 1.0851
     1.0890                 1.0938                 1.0886
     1.0687                 1.0662                 1.0649
