    -512.35                  79.85                 114.59
     170.00                 207.96                 225.66
     275.79                 291.25                 320.95
     363.06                 389.31                 407.44
     478.44                 515.17                 576.32
     601.55                 675.73                 749.63
     824.25                 878.93                 893.35
     917.15                 948.98                 964.20
     995.12                1020.23                1033.43
    1052.84                1099.38                1122.41
    1161.38                1190.28                1211.06
    1222.44                1295.93                1328.39
    1346.40                1367.95                1393.26
    1405.81                1409.52                1434.33
    1477.14                1537.24                1650.36
    3072.80                3083.02                3130.57
    3139.21                3194.56                3204.22
    3219.54                3815.30                3818.93
