    12.8029                 4.2285                 5.1130
     6.0727                 4.6427                 4.4796
     4.0116                 1.5481                 2.1395
     2.2934                 1.7165                 2.3201
     3.0467                 5.5387                 6.9376
     4.4935                 4.0367                 1.7402
     3.8474                 2.7007                 3.6331
     1.9200                 2.4392                 2.5858
     3.6170                 1.6924                 2.7777
     2.3489                 1.6976                 5.9145
     1.1275                 1.1302                 1.4557
     1.4896                 1.4183                 1.3886
     1.5641                 1.3092                 1.2870
     1.6972                 1.5261                 1.8268
     1.0859                 5.1442                 5.2650
     1.0606                 1.0855                 1.1057
     1.0874                 1.0887                 1.0895
     1.0988                 1.0666                 1.0666
