    -497.84                  17.47                  65.25
     101.73                 109.68                 157.47
     178.89                 205.98                 250.91
     281.21                 300.13                 304.30
     351.22                 386.18                 402.16
     452.55                 520.98                 534.10
     632.68                 634.35                 693.49
     752.13                 774.86                 812.47
     877.01                 898.54                 937.56
     955.12                 978.70                 992.03
    1031.24                1047.42                1070.56
    1110.70                1121.67                1162.16
    1193.29                1247.43                1264.10
    1276.33                1308.32                1316.42
    1354.24                1361.82                1385.18
    1398.58                1404.45                1444.74
    1464.71                1485.69                1573.27
    3070.15                3073.58                3138.96
    3144.21                3188.74                3205.57
    3232.17                3750.70                3823.82
