    10.4803                12.3394                 8.2698
     4.7806                 6.4304                 7.6676
     7.3559                 3.9497                 2.4708
     4.8575                 1.7593                 2.6198
     3.6783                 5.3007                 1.2359
     3.5899                 4.8961                 5.7210
     4.0122                 5.9228                 3.3256
     1.9462                 2.9838                 1.7530
     6.0635                 2.6769                 1.7944
     4.3632                 5.0743                 1.3998
     2.3195                 3.4426                 5.1748
     1.2257                 1.6025                 1.1836
     1.5175                 1.9903                 1.8061
     1.9774                 1.6273                 2.5051
     1.9096                 1.9277                 1.2736
     1.9854                 1.3291                 2.2050
     2.2110                 1.0876                 4.7884
     1.0852                 1.0615                 1.1063
     1.0883                 1.0873                 1.0962
     1.0924                 1.0663                 1.0668
