      26.27                  60.81                  66.67
      91.27                 151.74                 171.90
     224.48                 262.79                 272.13
     295.44                 299.91                 333.13
     349.14                 387.17                 450.41
     469.66                 523.95                 584.58
     605.82                 694.39                 828.02
     893.41                 995.00                1021.08
    1042.27                1055.58                1092.44
    1159.55                1194.88                1221.93
    1244.96                1260.82                1291.78
    1326.51                1346.07                1382.03
    1398.05                1437.62                1441.35
    1443.85                1478.12                1778.83
    1789.47                3039.23                3066.51
    3080.24                3095.96                3164.25
    3732.19                3795.93                3821.62
