    10.3862                 7.7615                 6.5794
     5.4247                 5.9727                 5.8089
     5.0209                 2.6018                 1.4661
     1.3759                 3.4419                 2.3402
     1.3159                 3.5620                 3.5102
     3.2898                 4.8313                 3.6167
     5.6441                 3.4473                 2.5043
     2.9559                 3.1032                 2.6077
     3.4050                 2.4483                 3.7863
     2.0464                 2.0825                 1.5533
     1.4515                 1.3954                 2.3177
     1.9146                 1.3157                 1.4901
     1.3160                 1.1130                 1.3092
     1.1230                 1.8505                10.7416
    11.6715                 1.0886                 1.0689
     1.0829                 1.0878                 1.0978
     1.0686                 1.0660                 1.0667
