    -473.36                  37.69                  73.32
     105.02                 124.37                 145.12
     172.39                 210.93                 253.87
     277.41                 301.06                 339.07
     344.79                 380.29                 407.23
     447.38                 514.86                 536.78
     624.01                 634.65                 705.77
     748.34                 784.71                 847.39
     875.60                 901.27                 930.69
     965.05                 985.20                1002.91
    1020.57                1043.45                1065.45
    1087.23                1132.59                1164.40
    1195.52                1212.93                1269.30
    1281.46                1293.94                1317.97
    1342.19                1361.20                1390.73
    1403.44                1410.52                1441.95
    1453.55                1483.54                1577.49
    3073.23                3074.20                3134.87
    3151.47                3195.86                3216.69
    3222.54                3766.18                3842.32
