    12.2498                 9.1638                 5.1629
     5.4740                 6.4523                 9.3884
     6.3316                 4.6471                 7.7294
     3.6135                 3.9408                 1.8377
     1.9301                 4.2013                 1.1436
     4.1409                 4.5702                 6.1647
     3.7366                 6.3835                 4.4387
     1.9522                 2.9653                 1.5861
     4.3972                 3.1353                 1.7956
     3.7737                 5.2163                 1.3838
     5.2395                 1.8144                 3.8403
     1.7434                 1.3321                 1.1676
     1.5275                 1.9914                 1.9397
     1.9088                 2.0363                 1.7922
     2.0055                 2.0223                 1.2277
     1.4277                 1.7070                 2.4721
     2.2080                 1.0908                 4.5227
     1.0759                 1.0697                 1.1074
     1.0887                 1.0886                 1.0903
     1.0975                 1.0665                 1.0664
