      78.95                 114.26                 171.33
     204.66                 232.79                 270.58
     306.03                 329.40                 403.15
     477.50                 517.75                 565.70
     625.97                 629.91                 736.16
     793.02                 855.30                 875.17
     896.83                 963.47                 984.65
    1007.99                1017.19                1034.15
    1041.28                1082.97                1115.28
    1137.83                1212.22                1262.78
    1271.87                1274.46                1296.81
    1316.34                1329.46                1341.18
    1370.82                1378.76                1416.48
    1463.99                1734.89                3102.86
    3108.86                3136.61                3153.68
    3196.08                3216.01                3826.33
