     8.6215                 7.1191                 7.7533
     6.1406                 1.2436                 4.2922
     5.0911                 5.6849                 4.3651
     6.3255                 4.6774                 5.8739
     5.6183                 5.9323                 2.6919
     2.7472                 6.3887                 3.1560
     2.8966                 3.0260                 4.3312
     4.4437                 2.7224                 1.6138
     3.8449                 1.5882                 1.2860
     1.3147                 1.1195                 1.8563
     3.0602                 3.1149                 1.2377
     2.3055                 1.3039                 1.2853
     1.7768                 1.6861                 1.7530
     1.9998                 6.9865                 1.0868
     1.0854                 1.0884                 1.0892
     1.0876                 1.1000                 1.0669
