     3.8212                 4.8768                 5.9624
     1.0918                 1.8141                 1.4754
     2.9607                 3.9091                 3.7103
     2.9374                 2.7771                 6.8876
     4.2327                 1.3463                 3.0735
     2.3708                 2.9839                 2.7720
     1.7756                 1.4563                 1.3326
     6.4687                 4.5723                 1.7838
     1.0733                 1.2140                 1.1474
     1.1593                 1.5940                 1.7930
     1.7885                 1.2534                 1.4147
     1.9957                 1.4912                 1.9529
     1.1541                 4.7677                 5.7635
     1.0792                 1.0591                 1.1048
     1.0864                 1.0877                 1.0948
     1.0952                 1.0665                 1.0665
