     231.71                 365.73                 408.61
     421.57                 521.78                 531.80
     625.31                 715.04                 784.35
     822.51                 852.02                 924.88
    1003.69                1016.57                1025.56
    1050.66                1095.73                1154.05
    1177.27                1189.66                1251.94
    1329.58                1366.53                1505.49
    1529.66                1662.13                1674.96
    3186.18                3192.03                3200.11
    3206.96                3215.89                3817.07
