     4.5739                 1.0931                 3.9940
     2.9794                 2.7654                 7.3005
     6.4101                 1.8967                 1.7130
     5.9393                 1.2490                 1.4899
     1.3521                 5.7462                 1.3142
     2.0612                 1.4606                 1.1873
     1.1355                 1.4897                 2.7790
     3.5391                 1.2973                 2.3946
     2.3567                 6.2329                 6.1310
     1.0876                 1.0881                 1.0921
     1.0952                 1.0988                 1.0662
