    -690.00                  77.39                 126.34
     201.76                 227.40                 271.15
     302.36                 318.43                 519.08
     566.07                 696.42                 766.81
     880.70                 914.96                1036.75
    1123.94                1198.59                1210.79
    1260.51                1276.55                1348.12
    1352.05                1412.37                1481.10
    1582.90                1982.08                3083.04
    3096.88                3826.58                3828.66
