     1.9561                 7.4302                 6.8455
     1.1820                 4.4750                 1.1915
     5.8693                 7.1422                 5.1758
     5.2166                 4.6732                 5.2906
     3.4365                 2.7351                 1.0779
     1.2663                 1.4280                 1.0785
     2.5215                 3.6377                 1.3236
    11.1182                 1.3651                 1.7727
     3.6158                 1.0383                 1.0882
     1.0882                 1.0669                 1.0670
