     -92.33                  36.52                  41.05
      71.17                  99.99                 131.43
     165.14                 211.59                 232.24
     257.24                 290.08                 297.57
     339.21                 369.26                 498.29
     507.74                 585.10                 613.54
     701.53                 836.92                 992.02
    1092.81                1146.90                1178.45
    1213.34                1253.54                1257.74
    1267.33                1314.25                1365.15
    1422.45                1463.94                1494.21
    1509.71                1750.98                2995.35
    3089.59                3126.80                3533.49
    3771.01                3791.64                3820.18
