     2.3027                 5.4182                 7.0879
     4.7142                 4.5163                 6.8676
     4.0994                 4.2910                 3.1919
     1.8028                 1.4449                 2.3652
     1.2022                 1.2019                 6.4413
     5.6261                 1.5064                 2.6177
     4.9936                 4.2726                12.7180
     3.2533                 2.5944                 1.6333
     1.3433                 1.9851                 1.3450
     2.0307                 1.8572                 1.8026
     1.2675                 1.1089                 2.1345
     1.1510                 6.0960                 1.0471
     1.1221                 1.0878                 1.0698
     1.0657                 1.0661                 1.0665
