     -32.33                 164.57                 238.76
     266.69                 413.20                 414.07
     471.71                 596.67                 626.39
     719.29                 753.41                 812.13
     876.10                 930.05                 997.45
    1015.30                1017.36                1035.42
    1051.93                1070.37                1106.17
    1158.93                1185.34                1212.84
    1232.06                1302.24                1340.79
    1382.50                1413.85                1477.12
    1488.16                1534.71                1654.79
    1674.68                3051.28                3098.79
    3175.19                3185.82                3195.27
    3204.01                3211.20                3822.01
