     2.5598                 2.4378                 3.8199
     1.3190                 3.6224                 3.4460
     2.9215                 4.8585                 6.3850
     2.0703                 1.4946                 3.9810
     1.2523                 1.3239                 1.5998
     1.4653                 4.7380                 1.3271
     2.5901                 3.4520                 1.5918
     1.1383                 1.1136                 1.1249
     2.7788                 3.9646                 1.5031
     1.2003                 1.3460                 1.0855
     2.2313                 2.4015                 6.1446
     6.1366                 1.0623                 1.1022
     1.0884                 1.0870                 1.0913
     1.0938                 1.0984                 1.0665
