    -586.52                  98.90                 115.41
     185.95                 231.31                 273.22
     306.45                 366.16                 403.11
     434.87                 440.64                 529.60
     614.88                 653.32                 674.84
     715.65                 798.97                 815.42
     864.62                 988.31                 994.71
     997.55                1005.02                1035.12
    1076.46                1093.35                1133.69
    1145.97                1171.82                1186.45
    1269.10                1323.47                1362.60
    1365.61                1459.73                1495.12
    1509.15                1600.09                1626.34
    3095.53                3178.80                3184.56
    3193.96                3201.64                3212.80
    3230.94                3807.19                3814.50
