    10.0819                 3.1422                 5.1913
     2.5942                 3.9781                 1.5329
     2.3625                 1.4141                 2.7289
     2.6600                 2.8726                 6.9872
     5.9943                 1.1361                 2.6828
     1.3128                 4.8572                 1.2860
     1.3836                 1.6886                 1.3519
     2.5251                 1.4034                 2.1418
     1.3219                 1.5159                 2.4600
     1.1491                 1.1481                 1.4005
     3.9734                 3.1713                 1.3232
     1.2658                 1.1205                 2.3746
     2.2824                 5.1211                 5.5564
     1.0485                 1.0868                 1.0872
     1.0932                 1.0938                 1.0973
     1.1210                 1.0659                 1.0663
