      88.63                 115.33                 169.31
     195.31                 233.47                 267.49
     276.83                 312.85                 337.22
     362.97                 385.57                 410.81
     439.25                 506.56                 580.85
     623.55                 639.03                 700.07
     752.66                 775.58                 846.49
     876.59                 896.56                 929.80
     959.83                 986.54                1023.44
    1036.51                1057.90                1068.69
    1080.70                1157.71                1162.43
    1196.19                1229.06                1256.95
    1280.03                1297.63                1314.15
    1348.03                1359.69                1381.22
    1399.70                1421.03                1430.11
    1449.39                1483.66                1492.99
    3061.44                3071.78                3137.15
    3139.39                3169.55                3191.28
    3213.20                3758.97                3821.29
