     5.5038                 3.9082                 2.8894
     6.2714                 5.5990                 2.0918
     3.7881                 1.3470                 1.6725
     3.6218                 1.5214                 4.9282
     4.8322                 5.7300                 5.4106
     7.3315                 5.3312                 6.1565
     6.9889                 5.0655                 3.0909
     6.8478                 2.3381                 4.2954
     1.9053                 5.4770                 3.3271
     1.6552                 3.2984                 3.9184
     1.4394                 1.5182                 1.3019
     1.5381                 1.9833                 1.3243
     1.8039                 1.6397                 1.4720
     1.9011                 1.6148                 1.7461
     1.2002                 1.5199                 1.9846
     2.8002                 2.1775                 1.1214
     1.0853                 1.0621                 1.0880
     1.1056                 1.0902                 1.0904
     1.0917                 1.0663                 1.0666
