      37.77                  61.49                  78.77
     107.50                 117.17                 142.85
     163.62                 171.74                 212.73
     228.88                 236.10                 263.08
     277.27                 292.89                 306.39
     333.29                 339.72                 343.76
     376.15                 385.99                 414.77
     458.72                 475.61                 482.62
     563.60                 600.79                 619.06
     627.19                 718.34                 789.38
     821.30                 910.52                1018.24
    1030.43                1076.61                1102.67
    1109.42                1124.26                1190.01
    1199.55                1206.95                1219.98
    1238.02                1253.40                1274.13
    1287.30                1299.28                1303.75
    1344.27                1366.09                1374.53
    1405.53                1421.76                1437.75
    1437.85                1448.18                1479.56
    1483.36                3079.22                3092.57
    3097.75                3102.05                3144.31
    3729.27                3748.81                3795.29
    3816.54                3819.67                3826.42
