     7.6321                 7.5351                 6.9898
     6.2438                 6.2740                 7.1150
     6.5006                 4.9089                 4.0573
     1.1923                 5.0328                 1.2675
     1.3084                 5.3787                 1.6909
     3.3060                 2.0849                 2.4610
     1.6332                 3.0910                 6.0280
     3.1721                 1.3264                 3.3663
     5.2075                 5.4928                 4.2754
     4.1277                 5.3262                 3.3926
     3.3853                 3.5200                 7.1467
     2.6473                 2.9996                 3.3955
     2.1848                 2.0598                 2.2365
     1.9719                 2.9863                 1.4269
     1.3809                 1.3874                 2.9209
     1.7477                 2.2579                 2.2792
     1.4866                 1.3891                 1.4871
     1.5063                 1.4649                 1.3274
     1.1189                 1.1949                 1.7681
     1.9293                 1.0846                 1.0815
     1.0676                 1.0863                 1.1023
     1.0651                 1.0684                 1.0660
     1.0665                 1.0668                 1.0666
