    -265.04                 121.60                 141.65
     168.36                 382.67                 401.78
     601.61                 603.98                 667.23
     733.42                 756.72                 858.49
     910.24                 979.52                1008.40
    1014.60                1018.96                1039.68
    1045.49                1063.57                1153.16
    1172.23                1181.58                1319.65
    1373.53                1489.91                1508.48
    1607.13                1626.98                3193.69
    3200.30                3204.35                3213.82
    3217.58                3226.45                3778.18
