    11.2674                 7.2304                 4.3817
     1.0716                 3.1286                 2.8112
     6.1311                 6.0469                 1.9273
     1.4544                 1.0487                 1.2658
     1.2058                 2.2041                 3.0244
     1.4135                 2.5165                 1.3804
     1.7883                 1.6451                 1.1064
     1.1528                 1.1344                 5.3679
     1.2505                 1.9315                 2.1443
     4.8963                 5.2566                 1.0862
     1.0883                 1.0901                 1.0962
     1.0964                 1.0960                 1.0675
