    -819.84                  27.17                  50.50
      68.87                  74.16                  99.49
     129.84                 163.02                 174.11
     222.38                 246.84                 268.37
     295.96                 311.87                 331.43
     368.65                 399.77                 429.31
     454.55                 472.92                 520.83
     605.29                 635.62                 727.46
     757.23                 796.77                 839.12
     903.06                1003.37                1013.05
    1018.55                1042.61                1087.74
    1102.56                1169.05                1197.55
    1216.76                1237.46                1269.52
    1294.39                1328.25                1342.71
    1354.21                1362.11                1378.63
    1423.86                1438.50                1444.88
    1476.91                1571.97                1787.43
    1933.92                3068.72                3076.74
    3092.09                3115.88                3154.82
    3724.96                3793.95                3824.13
