     1.5527                 8.3522                 6.6704
     5.7123                10.3377                10.1183
     5.4352                 3.8638                 7.3468
     7.9601                 2.3472                 1.3989
     2.0850                 2.0392                 4.2282
     1.3628                 3.6472                 5.0254
     3.3564                 4.1586                 5.4254
     6.5218                 3.8144                 5.0311
     5.0963                 6.1004                 2.5655
     3.4775                 1.1129                 3.6781
     2.8957                 2.3277                 3.3835
     1.5815                 2.3186                 2.1015
     1.4210                 1.4323                 1.3658
     2.2972                 1.7435                 1.4281
     1.5599                 5.3393                 1.5134
     1.1249                 1.3103                 1.1320
     1.7612                 4.2677                11.6598
     1.0339                 1.0763                 1.0738
     1.0875                 1.0906                 1.0989
     1.0683                 1.0661                 1.0666
