      47.35                  72.31                  88.87
     112.50                 139.35                 150.46
     218.10                 255.33                 279.71
     294.70                 307.55                 326.34
     330.98                 353.77                 382.77
     384.35                 405.15                 416.28
     491.58                 514.40                 543.43
     603.05                 619.33                 734.22
     790.75                 828.15                 953.18
     991.48                1030.50                1073.34
    1091.27                1154.71                1177.86
    1217.19                1228.64                1261.62
    1270.25                1286.37                1300.57
    1338.50                1362.93                1383.88
    1408.89                1434.93                1438.27
    1440.89                1482.52                1491.12
    3094.92                3135.33                3143.67
    3163.65                3767.68                3779.53
    3781.70                3786.38                3823.07
