     8.9755                 6.6459                 9.6219
     6.0352                 7.0805                 5.0304
     6.0676                 4.7804                 1.7174
     1.7392                 2.6596                 3.3178
     4.8486                 1.4281                 1.3134
     2.4258                 1.2789                 1.4056
     4.8920                 3.7637                 6.0780
     5.5360                 5.4412                 3.8182
     3.4921                 4.0335                 3.2159
     4.3395                10.1238                 2.3049
     3.2762                 2.8394                 1.9622
     1.1520                 1.6468                 2.5860
     4.1638                 2.0143                 1.8835
     2.0057                 1.3508                 1.4484
     1.5159                 1.1704                 1.1869
     1.2736                 1.3931                 1.7014
     1.0614                 1.0885                 1.1018
     1.0891                 1.0683                 1.0667
     1.0656                 1.0663                 1.0668
