      45.82                  67.93                  95.26
     147.33                 178.69                 239.24
     287.45                 319.81                 365.24
     377.75                 382.34                 485.06
     500.60                 513.43                 569.49
     657.69                 694.15                 763.36
     856.22                 883.64                 892.08
     939.32                 965.90                 997.76
    1010.07                1029.30                1046.56
    1066.62                1117.77                1173.86
    1189.32                1213.07                1228.16
    1261.25                1324.73                1341.46
    1360.17                1371.57                1391.28
    1402.53                1429.54                1452.72
    1477.33                1701.87                1754.36
    3038.71                3065.74                3114.74
    3121.23                3184.23                3196.05
    3213.37                3742.46                3816.55
