     6.0687                 5.1749                 7.8062
     5.5498                 6.1089                 4.0570
     3.0979                 2.1216                 2.2807
     2.2369                 4.7073                 3.6997
     2.3935                 1.4327                 5.1873
     5.4352                 3.3328                 1.7857
     3.7652                 2.3730                 4.7050
     2.0735                 1.6230                 3.0600
     3.8763                 1.3626                 2.4540
     4.4621                 1.7817                 1.2307
     1.1156                 1.7009                 3.0747
     1.1912                 1.3692                 1.4074
     1.5746                 1.2563                 1.4642
     1.3437                 1.8589                 1.9365
     1.0918                 8.0059                 6.7335
     1.0832                 1.0577                 1.1087
     1.0854                 1.0900                 1.0881
     1.0994                 1.0663                 1.0665
