     121.96                 131.77                 205.63
     241.15                 274.05                 333.69
     359.00                 429.54                 520.04
     573.08                 617.06                 635.75
     739.30                 753.11                 830.01
     840.96                 881.14                 886.44
     936.35                 990.53                1012.75
    1026.37                1043.21                1075.49
    1101.34                1163.22                1192.68
    1241.79                1263.21                1280.67
    1302.15                1326.95                1332.88
    1370.57                1392.90                1396.81
    1454.64                1478.37                3091.11
    3135.20                3152.59                3168.04
    3192.47                3235.43                3833.57
