     1.5373                 2.0213                 6.3848
     5.4636                 4.5320                 1.7177
     4.9094                 7.6453                 6.2066
     5.7419                 4.9798                 5.7237
     6.5359                 8.4543                 4.0516
     5.4645                 2.3916                 3.0877
     5.4294                 4.8115                 3.4079
     2.7315                 1.5880                 1.4339
     1.3929                 1.2472                 1.4295
     1.4957                 1.3332                 1.7860
     1.3336                 2.7615                 1.2667
     1.7430                 1.8537                 1.6447
     2.8580                 2.1582                 1.0864
     1.0877                 1.0893                 1.0902
     1.0909                 1.0918                 1.0670
