      45.49                  62.30                 111.31
     133.13                 164.85                 218.80
     238.82                 267.05                 326.12
     355.60                 362.39                 413.88
     465.95                 541.43                 579.31
     593.49                 675.59                 774.56
     798.56                 858.18                 892.96
     926.97                 976.86                1000.68
    1011.12                1025.03                1064.43
    1136.77                1140.62                1188.98
    1205.26                1227.25                1240.82
    1283.23                1307.07                1318.37
    1343.42                1378.20                1392.19
    1424.74                1443.59                1450.73
    1478.23                1702.36                1755.55
    3038.19                3057.97                3095.26
    3118.32                3179.26                3201.87
    3214.14                3823.51                3826.19
