     6.8043                 7.8919                 3.1391
     4.6923                 6.1058                 1.4372
     2.1864                 4.0053                 1.8647
     2.9169                 2.1755                 6.2873
     3.0427                 4.5349                 4.1684
     5.0694                 4.1770                 1.7550
     3.2607                 1.6855                 2.8864
     5.0779                 2.7402                 1.6954
     2.1622                 1.3557                 4.9631
     1.4687                 4.3760                 1.0771
     1.7853                 1.1559                 1.4348
     7.5719                 1.2413                 1.4812
     1.3643                 1.4746                 1.2462
     1.5141                 2.0116                 1.5488
     1.2529                 7.8062                 6.9058
     1.0662                 1.0836                 1.0972
     1.0857                 1.0868                 1.0984
     1.0916                 1.0667                 1.0666
