     -96.98                  39.11                  69.97
      81.93                 138.24                 153.87
     173.55                 208.16                 256.19
     266.80                 269.01                 286.23
     301.57                 334.51                 364.37
     403.59                 415.12                 500.50
     525.99                 534.03                 549.26
     635.82                 750.63                 785.91
     811.08                 902.44                 963.20
    1018.50                1040.01                1056.41
    1097.65                1178.39                1214.27
    1230.90                1267.81                1287.83
    1294.31                1334.75                1361.02
    1393.56                1402.99                1429.90
    1438.37                1488.09                1490.64
    1612.37                3048.39                3068.78
    3118.59                3144.37                3292.24
    3580.31                3777.29                3825.10
