    10.7508                10.9183                12.4538
     7.1996                 5.0616                 7.8066
     9.1344                 8.0908                 4.7777
     3.7295                 1.1916                 4.2703
     4.5591                 2.6571                 2.8030
     2.8366                 3.3245                 3.1281
     3.5290                 2.2265                 2.4112
     5.5847                 2.8958                 1.4667
     2.0921                 2.4818                 2.3634
     5.6668                 1.7680                 2.7472
     2.4601                 1.8970                 1.1217
     1.6554                 2.5678                11.3933
     2.2175                 2.2729                 1.9681
     1.2745                 1.4703                 1.0977
     1.3064                 1.3511                 1.6351
     4.9762                 1.0880                 1.0688
     1.0882                 1.0949                 1.0708
     1.0678                 1.0656                 1.0668
