     4.1326                 3.8311                 3.4174
     2.5030                 1.2201                 1.2550
     3.9865                 2.5655                 3.4823
     3.8311                 4.3689                 5.3915
     1.5451                 1.8811                 2.7634
     1.7596                 1.9085                 2.4864
     2.2541                 3.1417                 1.3630
     3.5154                 4.5792                 1.9418
     1.5763                 1.1024                 1.2013
     1.0753                 2.0369                 1.6448
     1.6912                 1.5681                 1.2542
     1.7701                 1.3330                 1.9029
     1.0901                 3.9903                 6.1594
     1.0795                 1.0616                 1.1043
     1.0898                 1.0862                 1.0912
     1.0951                 1.0665                 1.0666
