      34.66                  41.13                 165.10
     185.03                 308.31                 313.54
     329.23                 343.94                 373.99
     400.87                 426.23                 502.28
     598.38                 610.88                 692.67
     812.97                 939.72                1039.06
    1051.20                1168.64                1179.23
    1196.03                1219.19                1240.06
    1268.61                1282.70                1292.97
    1314.43                1380.22                1416.95
    1420.77                1476.77                1490.21
    1779.15                3120.33                3141.34
    3148.85                3167.52                3792.93
    3793.75                3813.80                3815.97
