     6.0709                 5.5559                 4.7215
     5.8087                 1.0914                 1.1406
     1.1881                 1.2106                 2.6248
     2.5281                 2.8189                 6.3840
     5.4059                 3.4278                 4.5507
     1.5909                 2.7585                 1.3108
     1.8756                 2.6799                 1.8163
     1.1689                 1.7827                 4.4306
     2.1075                 1.6076                 1.5859
     1.3380                 1.3095                 1.2225
     1.2368                 1.4859                 1.8536
     7.2098                 1.0888                 1.0870
     1.0842                 1.0961                 1.0662
     1.0662                 1.0665                 1.0665
