    -111.00                  89.23                 102.24
     109.12                 151.06                 167.16
     239.67                 266.88                 283.37
     301.49                 348.79                 381.34
     410.93                 433.22                 443.42
     471.44                 488.66                 505.43
     545.16                 586.92                 685.83
     729.01                 815.58                 942.88
     995.53                1041.52                1126.13
    1191.89                1238.00                1276.85
    1313.28                1348.84                1396.31
    1435.61                1439.34                1445.50
    1481.94                1541.07                3076.79
    3142.22                3252.53                3661.19
    3674.07                3700.86                3722.40
