    10.3193                 8.4871                 6.1566
     9.9248                 7.0162                 9.6390
     6.9603                 6.4549                 4.8083
     5.7050                 2.6408                 1.7509
     1.1990                 1.3283                 1.6318
     1.2076                 1.1446                 4.5418
     3.9907                 3.7916                 3.3374
     1.5510                 3.6852                 1.9903
     6.8620                 4.8372                 2.5528
     2.1853                 1.5060                 2.5010
     2.1246                 2.4180                 1.4183
     1.3169                 1.2772                 1.1110
     1.6598                15.2050                 1.0880
     1.0520                 1.1207                 1.0682
     1.0651                 1.0668                 1.0664
