      58.83                  73.94                 128.80
     173.27                 196.11                 241.35
     271.12                 324.02                 334.58
     342.71                 376.68                 407.07
     472.79                 496.70                 580.01
     602.08                 634.43                 734.59
     792.53                 804.54                 890.25
     926.70                 978.14                1003.02
    1011.89                1024.06                1058.37
    1072.66                1124.01                1139.73
    1158.96                1184.07                1217.91
    1259.90                1284.70                1297.39
    1306.55                1377.40                1391.29
    1397.44                1435.04                1438.09
    1479.48                1687.91                1737.78
    3050.15                3071.33                3130.56
    3183.34                3197.46                3205.74
    3217.50                3802.75                3821.55
