     4.6725                10.4991                 3.5919
     4.7679                 4.7726                 3.0454
     1.8536                 2.0977                 2.0955
     2.3903                 2.5391                 2.9337
     3.0938                 4.5966                 3.9810
     3.8828                 4.1291                 1.6684
     2.1080                 2.5599                 3.5283
     2.0048                 2.6938                 2.5981
     1.7618                 1.3565                 2.0539
     2.9131                 2.4012                 1.6566
     2.1195                 1.2887                 1.3236
     1.6102                13.0422                 1.2389
     1.3995                 1.4827                 1.3966
     1.5167                 1.6521                 1.6008
     1.1103                 8.8314                 6.2226
     1.0665                 1.0836                 1.0998
     1.0871                 1.0879                 1.0964
     1.1003                 1.0667                 1.0662
