      60.20                 120.03                 195.58
     281.48                 312.73                 344.59
     362.51                 402.65                 432.06
     452.99                 577.60                 589.14
     612.14                 700.90                 749.76
     781.44                 842.79                 909.84
     959.76                 994.80                1002.11
    1004.39                1024.94                1072.71
    1077.78                1089.70                1117.93
    1179.43                1183.99                1269.06
    1320.60                1333.10                1371.06
    1395.81                1423.61                1457.00
    1470.40                1559.03                1621.61
    3064.68                3123.85                3173.23
    3181.72                3193.47                3197.67
    3219.90                3762.59                3827.34
