     4.3444                 2.7289                 3.9649
     3.2378                 1.2279                 1.9820
     1.6092                 2.5104                 4.1381
     2.6723                 5.7977                 2.6975
     2.4236                 1.7564                 3.2556
     1.6011                 1.4715                 2.1301
     3.2759                 2.5239                 1.3205
     1.3582                 3.8523                 2.9791
     2.8148                 2.5083                 1.3773
     1.1243                 1.1422                 1.5396
     2.7381                 1.3832                 1.2867
     1.3460                 1.7078                 1.6732
     1.1008                 3.5895                 5.6208
     1.0582                 1.1086                 1.0866
     1.0859                 1.0932                 1.0947
     1.0946                 1.0656                 1.0665
