    -685.26                  31.10                  61.17
      65.80                  87.15                 113.56
     154.72                 178.99                 212.62
     256.05                 280.86                 290.23
     344.43                 367.25                 443.99
     469.76                 513.53                 535.15
     545.97                 573.57                 658.69
     719.70                 782.26                 843.49
     944.74                 970.16                 982.69
    1083.97                1165.61                1185.96
    1200.51                1216.61                1230.33
    1259.94                1297.26                1323.79
    1383.85                1400.73                1402.58
    1420.70                1442.99                1447.35
    1474.20                1539.55                1662.73
    3024.11                3061.80                3119.09
    3191.33                3228.83                3612.13
    3703.47                3820.34                3833.85
