    10.9533                 5.1346                 5.5702
     3.0212                 5.0170                 5.5572
     8.2961                 7.1163                 7.4206
     3.7010                 1.4954                 3.3636
     2.4991                 1.4149                 4.5731
     1.2312                 1.8028                 7.5054
     2.0466                 1.9428                 5.3753
     4.5425                 1.3762                 3.9488
     3.5284                 2.0122                 2.3377
     1.6228                 2.0498                 3.2689
     1.1774                 1.2292                 1.2134
     2.4750                 2.0366                 1.4538
     1.3291                 1.3231                 1.5035
     1.7483                 1.1352                 1.2273
     2.0344                 4.0266                 8.5525
     1.0835                 1.0624                 1.1016
     1.0890                 1.0894                 1.0658
     1.0679                 1.0666                 1.0669
