    -422.50                  60.80                  96.09
     132.21                 151.38                 222.12
     279.40                 319.50                 335.03
     424.71                 425.12                 527.45
     552.80                 610.18                 629.91
     730.60                 745.35                 808.12
     841.47                 861.23                 906.46
     962.82                 981.80                 997.73
    1008.77                1025.06                1088.74
    1107.76                1139.19                1222.75
    1243.05                1275.91                1285.58
    1322.93                1338.27                1358.39
    1374.09                1389.54                1448.84
    1466.46                1573.67                3134.45
    3151.75                3156.33                3197.80
    3221.04                3235.09                3770.26
