    10.7833                 7.3502                10.9352
     9.1926                 7.7659                 5.3794
    10.3139                 5.4115                 5.7741
     1.4294                 2.2474                 4.5194
     5.6820                 5.2215                 3.0817
     2.7162                 1.6614                 2.0096
     6.7196                 3.0576                 2.4207
     5.7251                 2.5149                 3.6439
     1.7963                 2.4754                 1.4628
     1.1876                 1.2696                 1.6344
     2.2134                 1.4061                 1.2945
     2.9652                 1.2742                 2.0711
     2.2102                 1.7359                 2.3105
     1.9490                 4.5162                 1.0877
     1.0875                 1.0904                 1.0890
     1.0949                 1.0933                 1.0666
