      28.69                  42.31                  46.38
      71.86                  88.77                  99.24
     109.58                 143.47                 202.99
     247.54                 288.08                 305.93
     343.14                 367.50                 438.67
     538.65                 578.44                 589.75
     596.81                 652.58                 790.19
     873.35                1134.38                1170.00
    1227.37                1230.97                1257.50
    1262.16                1320.10                1371.80
    1427.12                1460.81                1511.63
    1760.94                1770.74                2999.60
    3096.16                3132.51                3436.51
    3732.59                3789.25                3810.00
