     7.6120                 6.9866                 6.7227
     9.5372                 9.8027                 9.2756
     3.3871                 3.3338                 7.9120
     4.6438                 3.8785                 1.0442
     1.1075                 1.2314                 8.1927
     1.0372                 1.2403                 4.5878
     1.0439                 3.6189                 6.2717
     3.9392                 2.6986                 2.1747
     1.3367                 1.2480                 1.8271
     1.3418                 2.2120                 1.7799
     1.2746                 2.1479                 1.1288
     6.4019                 9.8512                 1.0476
     1.1227                 1.0888                 1.0699
     1.0647                 1.0664                 1.0665
