    -347.98                  56.07                  76.99
      93.57                 135.34                 171.48
     186.76                 245.57                 277.17
     294.26                 305.19                 353.30
     414.18                 420.85                 467.53
     581.36                 597.99                 654.73
     778.81                 792.91                 827.99
     880.06                 955.77                 980.96
    1004.88                1023.14                1024.49
    1046.05                1064.09                1149.95
    1180.99                1201.24                1210.59
    1238.31                1254.67                1291.29
    1343.29                1365.73                1402.40
    1448.67                1459.19                1489.60
    1506.53                1535.96                1700.19
    3032.55                3038.62                3086.58
    3189.88                3190.65                3204.06
    3208.12                3817.39                3841.95
