     8.6032                 7.9897                 4.0050
     5.3033                 7.8899                10.0649
     6.2471                 1.1219                 1.2156
     2.2771                 3.2460                 9.0657
     4.4070                 3.1683                 3.8764
     3.3949                 6.2964                 3.9054
     3.5865                 1.5220                 1.4836
     2.9397                 1.6423                 2.0787
     1.9946                 1.3626                 4.7355
     2.3109                 3.7852                 1.1215
     1.1767                 1.3310                 1.1437
     1.7937                 2.2030                 1.3841
     1.3172                 1.4657                 2.0147
     1.5397                 2.0516                 1.0886
     4.0102                 3.7099                 6.6472
     1.0614                 1.0821                 1.1018
     1.0879                 1.0864                 1.0953
     1.0982                 1.0666                 1.0668
