   -1635.98                  55.12                  69.32
      95.39                 131.24                 152.31
     194.93                 216.23                 250.34
     271.50                 300.93                 314.36
     387.57                 399.74                 445.82
     470.51                 496.57                 531.60
     598.35                 613.09                 666.37
     775.94                 934.54                 991.58
    1089.02                1099.48                1140.78
    1162.84                1183.83                1189.61
    1205.17                1239.31                1251.60
    1257.95                1301.34                1350.15
    1400.81                1404.90                1428.90
    1441.13                1472.33                1482.65
    1516.46                3066.73                3095.73
    3175.74                3574.73                3634.23
    3794.73                3824.70                3827.62
