     1.2954                 7.7589                 6.7465
     3.7381                 7.2276                 8.0629
     4.0552                 4.9807                 3.0095
     1.3322                 1.2361                 1.0973
     5.8563                 3.6412                 3.5293
     1.3630                 5.1767                 3.0731
     8.6067                 6.1541                 5.9916
     1.0974                 4.4529                 2.4470
     1.5139                 3.3130                 1.8122
     4.1658                 3.1290                 4.2865
     1.4502                 1.3094                 1.5142
     3.0627                 1.1764                 1.3637
     1.2588                 1.3539                 1.1687
     1.2494                 1.1467                 1.1290
     1.9230                 1.0868                 1.0580
     1.1123                 1.0697                 1.0672
     1.0658                 1.0667                 1.0670
