    -462.24                  90.23                 112.47
     168.32                 203.37                 243.13
     271.48                 309.06                 318.21
     350.32                 383.31                 388.44
     440.16                 457.79                 524.26
     612.12                 629.74                 693.27
     751.26                 777.18                 852.29
     879.26                 914.20                 926.69
     960.04                 991.54                1010.21
    1037.91                1070.87                1079.39
    1124.47                1140.27                1161.34
    1200.51                1239.83                1249.45
    1275.41                1296.19                1317.34
    1358.83                1366.50                1385.83
    1395.40                1405.25                1408.49
    1463.96                1480.21                1487.85
    3058.53                3074.99                3105.51
    3137.29                3141.55                3196.51
    3254.30                3752.14                3821.88
