    10.1108                 5.1888                 4.2767
     3.5095                 7.9450                 4.8794
     2.7869                 5.7788                 1.3442
     2.9493                 1.3534                 4.6214
     6.6840                 2.7466                 4.7411
     5.9042                 6.1476                 4.0512
     2.3545                 3.6813                 2.8809
     6.9420                 2.0126                 3.4352
     1.7332                 1.5834                 4.9960
     7.0080                 5.3868                 1.5304
     1.4842                 2.3892                 1.2065
     1.7446                 1.3217                 1.9025
     1.8111                 1.8331                 1.5117
     1.6515                 1.8472                 1.2753
     1.6904                 1.4736                 2.1665
     2.5991                 1.9862                 1.1571
     1.0851                 1.0614                 1.0878
     1.0887                 1.1061                 1.0897
     1.0937                 1.0663                 1.0668
