     134.99                 214.84                 236.34
     288.76                 323.10                 417.36
     505.08                 553.45                 570.33
     622.75                 693.66                 708.28
     798.10                 845.56                 871.98
     883.21                 958.34                 984.69
     993.89                 997.77                1026.80
    1074.48                1114.92                1122.28
    1184.63                1243.21                1267.85
    1285.59                1313.93                1338.94
    1361.52                1376.99                1437.92
    1456.74                1508.07                3104.49
    3144.77                3148.76                3191.31
    3221.93                3228.77                3834.89
