     6.0822                 5.5254                 1.1059
     4.0784                 5.1748                 3.1511
     2.2753                 6.2534                 2.5246
     4.4808                 3.0389                 2.3660
     2.9471                 6.6269                 3.1697
     2.8121                 6.5837                 3.7021
     2.6039                 1.3229                 3.9319
     1.4925                 1.1193                 1.3120
     1.7362                 1.6512                 1.4965
     1.3135                 2.1885                 1.4104
     1.6584                 1.8973                 2.0137
     2.1010                 2.8115                 1.0871
     1.0872                 1.0904                 1.0893
     1.0902                 1.0962                 1.0669
