      37.53                  49.82                  64.36
      72.96                  97.81                 121.42
     144.90                 170.13                 194.50
     233.04                 243.90                 258.72
     263.45                 273.56                 306.28
     313.22                 355.29                 371.63
     402.26                 431.83                 442.20
     462.98                 503.11                 522.81
     558.99                 602.21                 708.95
     743.24                 787.67                 839.38
     902.06                 912.87                1008.89
    1018.33                1051.43                1110.20
    1179.42                1198.44                1228.28
    1245.86                1267.90                1290.46
    1292.23                1312.78                1339.25
    1360.18                1379.78                1424.89
    1437.50                1445.70                1492.26
    1574.27                1628.27                2942.52
    2984.03                3082.84                3121.14
    3143.25                3329.96                3783.55
    3806.38                3825.52                3861.53
