     7.3130                 7.4360                 7.9623
     8.1720                 9.5720                 5.0886
     7.3067                 1.0829                 6.1654
     7.7095                 4.4743                 1.5133
     5.1988                 2.3682                 2.1638
     1.5502                 3.5354                 1.8521
     3.1475                 7.6306                 1.1482
     5.5519                 4.5254                 6.0913
     2.8017                 5.9883                 4.1918
     1.2357                 3.5508                 4.2428
     2.4210                 1.1281                 2.9175
     5.4929                 3.6972                 2.6269
     1.8335                 1.7494                 1.6126
     1.8328                 2.3743                 2.0907
     6.9205                 1.4511                 1.8290
     2.1007                 1.5383                 1.3881
     1.3238                 1.1074                 2.0408
     1.1013                 1.0717                 1.0763
     1.0835                 1.0632                 1.0881
     1.1013                 1.0673                 1.0657
     1.0665                 1.0668                 1.0661
