      48.76                  66.26                  72.43
      80.96                  97.30                 122.24
     212.76                 230.45                 269.46
     288.97                 322.15                 325.11
     341.64                 433.08                 462.83
     466.74                 518.58                 533.09
     603.46                 658.76                 765.83
     844.39                 920.68                1024.08
    1045.68                1103.29                1153.38
    1186.47                1199.84                1222.68
    1239.02                1250.63                1260.36
    1284.19                1292.92                1333.20
    1362.36                1379.17                1388.88
    1393.11                1423.23                1441.25
    1444.98                1465.02                1752.77
    3062.89                3070.60                3099.44
    3114.78                3118.44                3123.91
    3787.86                3824.25                3835.56
