     7.7415                 4.6150                 4.9821
     2.9151                 5.5516                 6.6565
     7.9560                 6.3115                 1.1221
     1.9067                 1.3166                 1.2692
     4.5658                 3.2294                 2.9897
     4.5221                 6.4930                 5.3019
     5.5963                 3.3914                 1.7907
     4.3127                 2.1871                 2.3102
     3.3495                 2.1740                 1.8790
     2.4599                 1.2836                 1.6714
     1.5205                 1.8807                 1.6638
     3.0966                 3.9815                 1.4117
     1.5452                 1.4088                 1.1432
     1.2375                 1.5941                 1.3150
     1.3611                 1.7027                11.3431
     1.0617                 1.0658                 1.0877
     1.0931                 1.1026                 1.0882
     1.0661                 1.0667                 1.0669
