    -998.36                  44.42                  95.01
     105.86                 114.78                 154.55
     181.64                 207.95                 255.85
     295.82                 311.27                 345.90
     356.86                 404.90                 432.85
     463.87                 505.80                 550.03
     613.19                 648.78                 712.64
     741.09                 786.68                 852.02
     974.27                1003.90                1035.34
    1039.52                1073.09                1166.57
    1174.90                1217.24                1232.78
    1251.99                1274.87                1333.19
    1340.94                1382.28                1389.86
    1399.49                1429.34                1458.74
    1493.86                1518.25                1740.83
    1872.55                3058.43                3082.21
    3128.22                3178.39                3206.00
    3735.08                3821.67                3845.21
