     1.3017                 5.6293                 5.2210
     7.2360                 5.0226                 6.0295
     8.4378                 5.3322                 3.3691
     3.4313                 1.3283                 1.2547
     2.5884                 1.3247                 2.5040
     3.9452                 3.4601                 4.4311
     6.8127                 4.0351                 9.0650
     3.6455                 2.0300                 3.3719
     1.7784                 2.4059                 1.2383
     1.2844                 3.3369                 1.8246
     1.7908                 1.0888                 2.1732
     2.0384                 1.1734                 1.8047
     9.8354                 1.2141                 1.4111
     1.6270                 1.4601                 1.1274
     1.7262                 4.0747                 7.3515
     1.0385                 1.0641                 1.0846
     1.1017                 1.0881                 1.0942
     1.0652                 1.0665                 1.0671
