    -409.27                  29.45                  50.81
      67.06                  77.97                  84.84
     106.30                 136.39                 187.60
     228.21                 232.32                 267.21
     292.78                 364.32                 472.40
     542.58                 559.01                 585.67
     623.41                 758.42                 836.29
     895.41                1100.37                1152.82
    1189.21                1234.83                1236.86
    1258.64                1283.07                1288.68
    1369.12                1473.58                1508.32
    1656.62                1763.91                1764.92
    2990.93                3087.46                3485.12
    3730.33                3735.27                3802.80
