     4.7135                 7.9041                 7.4994
     8.5217                 3.7983                 6.8278
     5.2040                 3.2331                 7.0688
     1.1968                 1.4430                 2.9725
     1.1697                 3.3642                 3.8971
     2.5517                 1.0718                 3.3851
     1.9322                 3.3665                 1.2505
     3.5441                 4.3170                 3.5389
     2.0929                 1.0814                 1.3421
     1.3406                 1.1570                 1.5786
     1.8336                 1.7524                 1.1214
     1.3028                 6.8567                 8.7138
     1.0475                 1.1223                 1.0698
     1.0649                 1.0653                 1.0664
