    -147.75                 -19.41                  21.70
      62.45                 156.23                 173.03
     248.76                 305.67                 397.07
     414.00                 474.75                 562.79
     600.02                 627.30                 717.99
     767.32                 814.79                 875.16
     943.43                1015.57                1017.61
    1033.81                1039.06                1056.02
    1104.05                1156.68                1161.02
    1188.07                1216.66                1242.46
    1247.16                1316.16                1351.17
    1407.38                1445.38                1491.13
    1539.66                1655.43                1675.83
    2453.29                3080.88                3182.83
    3189.27                3197.60                3205.25
    3213.24                3734.92                3835.12
