    -388.21                  90.08                 118.83
     139.50                 174.36                 264.99
     297.12                 344.71                 417.44
     450.92                 549.30                 582.30
     635.37                 737.86                 799.78
     867.59                 925.31                 980.36
     987.72                1000.04                1016.44
    1025.21                1037.05                1145.10
    1155.84                1182.59                1207.08
    1269.03                1361.08                1370.28
    1399.55                1452.46                1482.19
    1539.88                1687.42                3035.83
    3189.88                3193.07                3202.54
    3207.93                3218.29                3814.96
