     9.3288                 6.4089                 5.0256
     5.9840                 9.2864                 1.1108
     3.6238                 9.6122                 3.5041
     3.4771                 4.5027                 6.3720
     2.3914                 1.5953                 1.3022
     3.4349                 1.3502                 3.9071
     2.4946                 1.7772                 2.1132
     1.8860                 1.8659                 1.1953
     1.1630                 1.1149                 1.1088
     3.3607                 1.4549                 1.3217
     2.1457                 2.0262                 3.1275
     3.2727                 5.9923                 1.0821
     1.0863                 1.0870                 1.0914
     1.0968                 1.0988                 1.0666
