      34.81                  74.32                 108.77
     176.69                 218.86                 260.22
     313.64                 348.58                 420.38
     524.50                 614.62                 713.79
     766.25                 892.14                1002.51
    1030.95                1047.37                1095.85
    1127.93                1219.07                1235.59
    1290.76                1354.19                1387.14
    1427.76                1442.90                1506.79
    1704.30                1743.26                1745.82
    3044.07                3062.31                3078.47
    3187.02                3202.26                3721.03
