     7.4450                 5.3358                 2.5442
     3.5800                 1.2555                 3.7400
     3.0350                 5.6184                 4.5876
     2.2993                 4.0744                 2.2979
     1.8599                 4.3088                 2.1510
     1.4306                 1.6189                 2.5386
     4.3805                 1.1761                 1.2960
     1.1085                 2.0225                 1.2965
     1.2920                 1.3866                 1.7198
     9.5033                 8.3192                 9.5793
     1.0601                 1.0877                 1.1028
     1.0865                 1.0975                 1.0656
