    -118.54                  71.92                  97.45
     170.97                 207.63                 258.05
     306.70                 324.13                 406.91
     442.81                 544.06                 586.52
     628.01                 715.12                 746.00
     808.75                 831.53                 840.40
     911.76                 946.56                 973.85
    1012.99                1020.62                1035.90
    1103.79                1127.56                1194.50
    1228.71                1273.49                1275.06
    1289.21                1320.47                1360.29
    1378.75                1409.70                1460.74
    1564.73                1732.67                3010.74
    3050.61                3151.05                3152.80
    3198.41                3222.28                3843.62
