     6.0024                 1.3148                 4.2643
     6.0489                 8.6045                 5.2072
     4.3477                 6.4057                 2.7836
     4.2579                 4.7845                 3.7325
     4.3356                 2.6061                 1.5912
     3.0813                 3.2667                 3.2567
     2.8946                 2.6812                 2.8277
     2.1512                 1.5702                 1.8318
     1.4769                 3.3578                 1.2168
     1.1488                 1.4710                 3.3955
     1.4695                 1.7050                 1.3299
     1.3254                 1.6783                 1.9102
     6.6162                 7.6708                 1.0838
     1.0839                 1.0876                 1.0876
     1.0942                 1.0932                 1.0672
