      44.83                  47.15                  76.79
      89.65                 103.60                 120.19
     147.67                 182.93                 204.70
     235.96                 252.61                 297.99
     313.36                 353.83                 365.66
     372.88                 449.49                 478.11
     506.67                 521.24                 541.75
     571.15                 607.13                 608.51
     701.30                 793.84                 832.37
     914.75                 948.58                 965.87
    1062.18                1092.41                1126.67
    1151.61                1176.62                1195.51
    1206.68                1211.24                1220.07
    1224.11                1236.52                1252.32
    1297.26                1304.22                1364.36
    1379.84                1399.29                1400.84
    1416.45                1444.86                1451.19
    1471.49                1476.17                1481.12
    1591.46                3062.74                3073.81
    3075.06                3103.22                3121.82
    3156.95                3244.50                3636.78
    3817.91                3822.23                3832.24
