     6.7965                 6.8063                 6.2286
     3.3782                 2.6752                 5.6322
     7.2855                 6.7168                 5.2486
     5.6483                 4.6087                 1.6344
     2.4111                 1.3384                 1.7687
     1.1538                 4.2726                 4.3408
     2.0748                 3.2013                 1.6983
     5.4321                 3.2307                 4.1884
     2.4662                 3.7939                 3.9825
     3.6011                 3.8248                 1.9470
     2.1147                 3.5651                 2.4205
     2.7861                 1.7581                 2.8337
     1.2425                 1.1597                 4.2785
     3.6737                 2.3409                 1.3202
     1.6480                 1.3155                 1.4758
     1.3298                 1.2908                 1.2264
     1.2239                 1.3100                 1.1907
     1.9631                 2.0945                 1.1456
     8.5714                 1.0630                 1.0825
     1.0617                 1.0874                 1.1014
     1.1070                 1.0891                 1.0673
     1.0667                 1.0668                 1.0669
