      29.26                  44.75                  55.58
      72.41                  89.31                 128.40
     199.09                 218.70                 231.24
     236.20                 257.78                 271.67
     281.87                 285.70                 324.15
     351.43                 428.71                 445.44
     470.92                 527.92                 584.87
     611.87                 618.14                 691.41
     834.91                 872.83                1018.06
    1025.31                1078.76                1099.29
    1122.69                1191.15                1204.39
    1212.43                1227.49                1238.41
    1251.35                1262.95                1271.83
    1295.21                1340.39                1368.24
    1400.18                1407.11                1410.08
    1415.65                1437.69                1481.57
    1482.96                1785.62                3075.09
    3084.61                3096.32                3108.29
    3117.30                3745.62                3797.25
    3820.89                3821.80                3826.86
