     7.2668                 5.4317                 5.5416
     6.8102                 4.8182                 5.3916
     3.9414                 5.5870                 2.0255
     1.7083                 1.1333                 1.5673
     1.1269                 1.6234                 1.5148
     3.3250                 9.4155                 4.1274
     3.8349                 5.0221                 2.8257
     5.6928                 5.2022                 4.0205
     3.2873                 3.2662                 4.0164
     3.7043                 2.5430                 2.1265
     2.2025                 1.8546                 1.1825
     1.7557                 1.4307                 1.5014
     2.3358                 2.9936                 1.5530
     2.5146                 1.4943                 1.4570
     1.2059                 1.3064                 1.2104
     1.4270                 1.3358                 2.0454
     1.8224                11.0979                 1.0643
     1.0841                 1.0867                 1.0891
     1.0979                 1.0685                 1.0661
     1.0670                 1.0669                 1.0667
