      50.50                  72.50                 115.40
     132.15                 157.76                 230.85
     242.38                 251.84                 290.53
     304.67                 347.85                 368.45
     391.55                 473.67                 511.87
     518.08                 534.95                 619.06
     734.00                 766.44                 858.30
     945.07                 983.60                1029.45
    1055.58                1104.14                1172.77
    1206.82                1231.37                1263.34
    1293.86                1336.24                1356.97
    1392.58                1410.89                1417.59
    1431.10                1435.17                1493.10
    1755.65                3019.11                3078.98
    3124.00                3128.52                3682.80
    3758.70                3780.25                3823.45
