     5.5484                 8.6371                 3.5441
     2.9589                 4.2655                 3.7796
     1.3327                 1.5125                 5.0888
     3.2132                 2.9520                 3.1535
     1.1911                 1.9200                 3.4805
     2.4258                 3.7066                 4.0902
     1.9640                 3.5606                 4.6254
     2.1782                 2.5809                 7.6819
     2.3151                 2.7003                 1.8639
     1.2657                 1.4788                 2.4124
     2.2402                 2.6341                 1.8899
     1.1708                 1.3643                 1.1718
     1.2586                 1.3183                 2.1018
     8.8434                 1.0869                 1.0654
     1.0958                 1.0888                 1.0662
     1.0686                 1.0658                 1.0668
