    -257.20                  83.26                 119.24
     133.02                 196.40                 267.80
     282.38                 351.55                 394.52
     400.83                 413.07                 604.57
     612.74                 663.93                 741.46
     768.30                 793.77                 851.76
     937.00                 972.77                1003.11
    1011.79                1033.18                1045.41
    1080.64                1112.90                1157.64
    1183.72                1212.47                1224.99
    1312.59                1344.72                1385.31
    1410.17                1470.44                1479.67
    1510.77                1606.05                1633.68
    3056.77                3126.98                3189.61
    3194.70                3201.52                3210.20
    3218.51                3746.47                3837.42
