     9.9789                 2.8377                 5.3440
     5.2388                 5.4605                 2.8551
     1.1454                 1.1323                 2.7952
     2.8497                 4.3069                 5.3261
     6.3894                 2.2114                 1.2207
     1.2108                 4.0222                 1.2797
     1.3339                 1.5247                 5.4316
     1.3770                 1.3542                 2.2917
     5.2818                 1.5419                 1.1642
     1.1579                 1.1401                 2.6109
     4.3976                 1.4594                 1.2394
     1.3068                 1.1039                 2.1955
     2.0935                 4.6983                 5.3761
     1.0660                 1.0992                 1.0877
     1.0874                 1.0911                 1.0952
     1.0987                 1.0673                 1.0669
