    -446.91                  97.98                 171.50
     272.76                 278.23                 333.17
     406.79                 417.61                 475.24
     564.11                 605.62                 685.54
     741.42                 780.38                 863.01
     885.79                 927.75                 965.67
     978.04                1000.46                1021.53
    1045.59                1071.80                1097.58
    1136.81                1150.43                1206.30
    1292.53                1332.84                1345.46
    1392.65                1409.41                1431.01
    1494.57                1698.17                3070.38
    3151.59                3205.76                3213.07
    3226.22                3230.75                3823.86
