     7.1352                 8.9135                 6.4711
     1.1404                 3.4684                 3.7068
     3.6968                 3.5007                 3.5692
     6.3391                 5.5396                 3.2517
     1.6388                 2.1503                 4.0319
     3.1369                 4.0118                 2.4952
     2.1609                 2.1223                 1.9762
     1.7511                 3.0625                 1.9774
     1.0336                 1.1541                 1.0914
     1.3913                 1.4630                 1.2501
     1.6132                 1.7939                 1.8113
     4.4624                 6.0969                 1.0845
     1.0887                 1.0887                 1.0889
     1.0949                 1.1021                 1.0669
