      51.79                  77.15                 139.08
     178.22                 246.13                 275.29
     286.44                 288.67                 340.55
     348.14                 377.34                 380.96
     411.81                 498.00                 515.69
     603.88                 703.67                 745.75
     823.02                 987.55                1003.94
    1035.10                1051.32                1166.76
    1173.29                1222.09                1259.46
    1283.81                1314.45                1325.10
    1341.49                1401.07                1410.23
    1437.70                1489.00                2959.04
    3028.25                3131.87                3754.82
    3760.16                3783.99                3823.10
