     5.5446                 6.5154                 4.8922
     5.5760                 3.9314                 2.4633
     5.2620                 1.2446                 2.0627
     1.4172                 1.4537                 1.1428
     3.6357                 7.0042                 4.4391
     5.0794                 2.9181                 3.0426
     4.5971                 3.1343                 6.2380
     7.0315                 2.4314                 1.4334
     1.7219                 1.4256                 1.9511
     2.5422                 1.5011                 1.5908
     1.7773                 1.5668                 1.1309
     1.3110                 2.0102                 1.0675
     1.0789                 1.0881                 1.0659
     1.0686                 1.0659                 1.0668
