    -267.24                  42.03                  86.54
     124.89                 161.79                 175.25
     293.61                 315.58                 377.19
     389.17                 486.59                 597.06
     616.40                 677.65                 744.59
     790.76                 831.89                 898.06
     942.06                 969.86                 990.70
    1007.98                1026.85                1036.84
    1044.46                1092.05                1163.77
    1176.42                1200.94                1237.70
    1322.62                1345.05                1384.50
    1418.43                1468.51                1496.31
    1516.31                1619.94                1632.60
    3065.33                3126.73                3186.51
    3190.90                3202.76                3215.22
    3225.94                3777.81                3826.36
