    11.6173                 3.0687                 8.0325
     4.6101                 1.7249                 1.8482
     1.6690                 2.4788                 1.9729
     2.6693                 4.4235                 4.7677
     6.2348                 1.8032                 1.0767
     1.7829                 2.9531                 1.2705
     1.5204                 1.5229                 1.4793
     3.9915                 1.5870                 3.7002
     1.9395                 1.5583                 1.1051
     1.1908                 1.1527                 2.4757
     4.5260                 1.3379                 1.1946
     1.2928                 2.1021                 1.0866
     2.4308                 5.2023                 5.6223
     1.0630                 1.1035                 1.0892
     1.0905                 1.0896                 1.0952
     1.0950                 1.0676                 1.0666
