      94.14                 224.96                 301.04
     403.20                 445.06                 529.20
     577.86                 613.72                 712.58
     764.00                 828.89                 886.52
     960.55                 993.66                1001.21
    1002.97                1020.43                1034.32
    1101.75                1152.62                1182.56
    1194.75                1312.04                1339.83
    1369.52                1430.50                1457.80
    1560.86                1619.95                2972.88
    3178.96                3183.35                3195.37
    3199.34                3220.02                3816.48
