     3.9598                 1.0799                 3.8204
     3.1726                 2.9237                 4.4236
     6.5747                 1.5629                 2.2801
     1.3068                 1.8248                 2.4846
     5.5558                 2.3824                 1.2999
     1.4476                 3.5236                 2.2763
     1.4692                 1.0552                 1.1349
     1.0835                 2.2347                 1.4117
     1.2993                 2.1021                 1.7413
     3.4658                 5.5732                 1.0793
     1.0860                 1.0860                 1.0944
     1.0944                 1.0947                 1.0665
