   -1841.26                  46.51                  97.03
     134.19                 164.46                 227.86
     240.68                 255.18                 305.54
     319.18                 329.94                 357.51
     363.21                 378.82                 425.17
     452.45                 473.22                 491.62
     550.68                 643.17                 672.52
     734.71                 770.18                 801.05
     959.81                 969.93                1031.42
    1049.22                1085.69                1103.06
    1119.12                1158.38                1198.20
    1226.57                1236.26                1245.87
    1289.48                1298.33                1359.65
    1384.20                1404.51                1424.46
    1452.58                1482.62                1576.83
    1752.18                3069.91                3126.16
    3173.68                3193.54                3772.50
    3789.34                3797.90                3830.09
