     412.42                 413.87                 614.28
     614.32                 697.43                 729.46
     885.56                 887.90                1016.81
    1021.07                1022.10                1025.53
    1046.75                1063.76                1063.91
    1148.97                1182.72                1183.18
    1311.69                1374.85                1514.91
    1515.25                1661.78                1661.93
    3182.25                3189.94                3190.79
    3203.96                3204.89                3214.26
