     2.8320                 2.8245                 6.0502
     6.0504                 1.0848                 3.2937
     1.2478                 1.2477                 6.4814
     1.3861                 1.3848                 6.0067
     1.2954                 1.6343                 1.6400
     1.1230                 1.1160                 1.1167
     5.4023                 1.2478                 2.1140
     2.1048                 5.8352                 5.8406
     1.0849                 1.0884                 1.0884
     1.0959                 1.0959                 1.1000
