      30.87                  56.04                  66.48
      82.42                 107.99                 149.71
     172.60                 178.28                 202.05
     208.50                 253.53                 280.58
     285.58                 293.31                 328.33
     336.56                 365.26                 369.98
     397.80                 426.28                 435.68
     458.00                 492.76                 568.50
     589.88                 600.37                 626.21
     630.19                 717.31                 821.27
     851.74                 950.95                1006.84
    1029.95                1085.44                1102.48
    1106.16                1128.03                1149.66
    1190.47                1200.79                1212.01
    1237.99                1260.46                1267.77
    1278.82                1289.52                1293.09
    1333.59                1359.61                1377.55
    1408.36                1420.88                1434.90
    1457.16                1461.26                1474.52
    1507.29                3087.80                3101.55
    3104.38                3115.56                3147.66
    3543.45                3743.49                3784.68
    3816.95                3820.37                3824.35
