     6.9799                 8.7797                 6.5691
     5.9521                 7.9337                 5.8488
     1.5429                 2.9193                 5.3331
     5.4758                 7.7797                 1.6159
     1.2127                 2.5412                 3.4230
     2.5651                 2.2806                 2.7605
     3.7862                 2.5635                 1.3669
     3.9429                 4.0720                 3.7967
     1.4717                 4.5172                 3.1360
     3.7673                 4.1308                 2.5581
     4.2838                 4.1777                 2.8472
     7.0580                 3.4272                 2.5437
     2.0645                 2.3866                 3.4889
     1.4428                 1.6030                 2.8016
     1.6323                 1.3186                 1.6767
     4.8446                 2.2248                 1.8509
     1.4384                 1.4394                 1.5586
     1.5526                 1.3015                 1.5672
     1.1115                 1.5475                 1.8256
     1.0928                 1.0873                 1.0786
     1.0705                 1.0870                 1.1021
     1.0702                 1.0652                 1.0661
     1.0666                 1.0664                 1.0666
