      72.45                  89.45                 113.07
     160.36                 189.18                 204.64
     226.61                 282.83                 323.10
     360.08                 367.63                 398.55
     419.07                 430.20                 461.44
     519.15                 557.80                 613.47
     644.45                 713.67                 766.96
     796.84                 874.73                 900.84
     923.76                 973.66                 977.43
    1002.75                1019.45                1036.96
    1061.94                1078.79                1083.32
    1131.92                1176.09                1197.08
    1225.08                1270.33                1276.45
    1287.04                1314.48                1325.01
    1332.04                1356.15                1394.20
    1397.76                1398.63                1414.41
    1458.20                1476.07                1735.02
    3077.33                3082.47                3109.37
    3134.76                3154.37                3195.50
    3216.07                3776.68                3844.77
