     9.5383                 5.7994                 4.1020
     6.2475                 7.1962                 5.0672
     4.7688                 5.0411                 6.8299
     3.0215                 1.4978                 2.7389
     3.9100                 1.2115                 4.7714
     4.8241                 6.0841                 5.1856
     5.9411                 4.0856                 2.5539
     3.0050                 4.0333                 3.4972
     1.8782                 4.5686                 6.9169
     2.7637                 1.8383                 1.9626
     4.1192                 4.6035                 1.8504
     1.4114                 1.1582                 2.1255
     1.3155                10.7621                 1.7171
     1.7790                 1.4342                 2.3972
     1.2355                 1.5252                 1.2542
     1.4514                 1.8895                 1.6217
     2.0665                 1.0829                 7.0274
     1.0590                 1.0861                 1.0857
     1.1087                 1.0888                 1.0877
     1.0998                 1.0663                 1.0666
