      24.62                  68.92                 148.53
     209.37                 279.97                 283.66
     330.15                 377.97                 406.06
     450.04                 558.57                 595.90
     661.68                 760.91                 771.80
     790.23                 883.24                 968.38
     978.65                 992.37                1002.20
    1016.42                1024.55                1048.82
    1152.34                1173.05                1199.01
    1205.41                1230.89                1261.62
    1311.79                1329.85                1367.65
    1433.21                1443.96                1483.18
    1499.46                1539.03                1631.95
    2970.50                3038.22                3085.89
    3174.91                3175.90                3192.92
    3197.93                3820.81                3827.11
