      34.86                  54.58                  81.18
     101.93                 139.74                 155.36
     184.45                 191.17                 243.61
     260.92                 324.52                 347.98
     359.17                 416.79                 438.09
     486.35                 523.03                 534.90
     555.97                 642.00                 656.08
     754.48                 791.62                 794.56
     882.00                 970.19                1036.35
    1039.59                1048.02                1078.82
    1100.96                1164.42                1218.29
    1230.08                1245.97                1260.11
    1298.27                1334.13                1361.12
    1386.99                1392.72                1398.30
    1434.20                1452.04                1487.30
    1702.71                1721.50                1790.00
    3002.96                3024.54                3069.17
    3105.43                3176.12                3181.94
    3192.70                3708.48                3820.14
