     6.6830                 5.2410                 4.2227
     4.0724                 3.7360                 4.6079
     3.5378                 6.4124                 2.6668
     7.3953                 5.7040                 4.8383
     6.9461                 3.7859                 1.1314
     4.2623                 1.5295                 2.3658
     3.1724                 4.9477                 5.2186
     4.4322                 2.0305                 3.3925
     1.9343                 1.5052                 2.2198
     1.8631                 1.4170                 2.8278
     2.9230                 2.6698                 1.6410
     1.8294                 1.2729                 1.3015
     2.2101                 1.8452                 1.2106
     1.2324                 1.2608                 1.1842
     1.6365                 1.4860                 1.1545
     9.6180                 7.0134                10.7657
     1.0875                 1.0819                 1.0874
     1.0565                 1.0854                 1.1143
     1.0953                 1.0662                 1.0668
