      62.85                  80.01                 127.37
     151.23                 173.88                 257.68
     267.06                 293.65                 307.55
     336.62                 367.70                 372.75
     409.81                 411.80                 500.81
     510.36                 530.40                 606.47
     742.51                 817.91                 920.12
     980.06                1022.61                1056.51
    1104.48                1174.10                1223.40
    1239.60                1266.04                1274.92
    1298.95                1336.26                1365.85
    1410.20                1422.32                1440.35
    1448.02                1482.60                3131.72
    3132.93                3199.77                3729.15
    3756.41                3781.31                3823.02
