     9.6360                 6.7141                 6.8735
     5.0869                 9.2967                 4.3778
     3.9351                 2.0933                 2.1792
     2.0031                 2.0444                 2.2451
     1.1812                 1.2324                 5.5162
     3.9902                 5.4364                 4.9289
     4.5033                 4.3053                 3.5360
     3.1579                 8.1322                 2.8731
     3.0889                 2.0628                 1.3449
     2.5620                 2.3764                 2.5635
     1.9807                 2.2301                 1.5596
     1.4827                 1.1276                 1.2824
     1.1015                 1.9349                 1.0654
     1.0809                 1.1111                 1.0664
     1.0685                 1.0657                 1.0667
