   -2223.28                  50.26                  56.45
      89.10                 148.66                 182.57
     226.36                 236.94                 254.05
     283.88                 316.36                 361.76
     406.28                 438.30                 447.42
     463.20                 510.01                 581.87
     616.34                 645.65                 723.38
     821.83                 911.44                 938.90
    1006.51                1044.20                1070.55
    1110.67                1125.87                1156.65
    1187.59                1198.23                1233.67
    1242.81                1257.95                1292.81
    1301.43                1337.03                1347.00
    1372.55                1419.87                1443.57
    1446.22                1471.55                1505.43
    1722.13                3076.37                3085.89
    3098.98                3151.14                3157.97
    3703.63                3788.18                3824.01
