     1.1407                 5.2129                 6.5889
     6.4657                 6.6187                 4.0823
     4.4068                 1.2104                 5.4021
     3.8810                 1.3992                 2.9298
     3.8135                 4.6471                 2.0914
     1.7579                 4.6351                 5.2561
     3.7708                 3.4065                 2.7689
     2.8646                 2.6338                 1.7455
     3.2068                 2.8193                 3.1115
     4.2363                 3.0122                 1.5927
     2.3112                 1.1860                 1.4793
     1.3025                 1.3746                 2.1782
     1.8065                 1.7941                 1.2428
     1.5501                 1.4473                 1.3061
     1.1361                 1.8278                 1.1493
    11.0209                 1.0809                 1.0666
     1.0872                 1.0878                 1.1020
     1.0648                 1.0662                 1.0667
