      46.75                  63.78                 112.40
     119.42                 146.90                 214.86
     235.38                 260.71                 261.92
     285.66                 302.31                 324.39
     345.85                 362.40                 395.16
     431.90                 501.98                 518.42
     536.25                 574.46                 614.21
     724.76                 821.78                 848.62
     911.83                 953.92                1011.91
    1042.89                1066.71                1150.32
    1173.90                1188.12                1212.82
    1239.92                1254.61                1272.28
    1301.68                1333.35                1363.69
    1387.59                1400.81                1438.08
    1444.47                1462.89                1486.89
    2962.58                3108.06                3133.10
    3163.37                3697.60                3760.36
    3781.02                3797.78                3821.88
