     5.5319                 6.7623                 4.8794
     5.0532                 4.3607                 1.2244
     4.6464                 3.2189                 1.4962
     1.7057                 2.6579                 4.4982
     1.8314                 2.8621                 2.2304
     3.0833                 2.2896                 1.6287
     4.3161                 6.0923                 5.6724
     3.7334                 3.5448                 2.3038
     5.0869                 4.6217                 4.9317
     4.2208                 2.2844                 1.3519
     1.8717                 1.3366                 1.3059
     1.3208                 1.7439                 3.2692
     2.6866                 2.2427                 1.6235
     1.7204                 1.4003                 1.2865
     1.1374                 1.1023                 1.9500
     1.0722                 1.0596                 1.0883
     1.1056                 1.0663                 1.0685
     1.0657                 1.0663                 1.0669
