     4.8824                 1.1243                 2.4651
     2.5986                 1.5025                 1.2647
     1.2884                 4.0302                 4.8606
     5.5610                 4.0935                 3.0166
     1.8648                 1.5739                 1.6975
     1.9131                 1.7982                 1.7592
     1.6881                 1.6499                 1.2712
     1.3832                 1.4941                 1.9969
     1.0869                 1.0885                 1.0655
     1.0655                 1.0665                 1.0669
